1734650537.171532,0
1734650537.273514,1
1734650537.375977,1
1734650537.478162,1
1734650537.580528,1
1734650537.682948,1
1734650537.785501,0
1734650537.887708,0
1734650537.990173,0
1734650538.091979,0
1734650538.197549,0
1734650538.299473,16
1734650538.401258,31
1734650538.508803,41
1734650538.610739,55
1734650538.712965,68
1734650538.815118,77
1734650538.916865,80
1734650539.019092,67
1734650539.120849,44
1734650539.224661,25
1734650539.327055,0
1734650539.429614,0
1734650539.533292,0
1734650539.636884,0
1734650539.738928,0
1734650539.841091,0
1734650539.942756,0
1734650540.044746,0
1734650540.146390,0
1734650540.248031,0
1734650540.349727,0
1734650540.451458,0
1734650540.553886,0
1734650540.657968,0
1734650540.760633,0
1734650540.862565,0
1734650540.964368,0
1734650541.066097,0
1734650541.167696,0
1734650541.269218,0
1734650541.372670,1
1734650541.474777,15
1734650541.576711,28
1734650541.678615,41
1734650541.782682,57
1734650541.884511,66
1734650541.986260,76
1734650542.087873,79
1734650542.189634,71
1734650542.291308,47
1734650542.393047,27
1734650542.495927,1
1734650542.602035,0
1734650542.709398,0
1734650542.813039,0
1734650542.914778,1
1734650543.016526,0
1734650543.120547,0
1734650543.222221,0
1734650543.323859,0
1734650543.425569,0
1734650543.527699,0
1734650543.633244,0
1734650543.735509,0
1734650543.837656,0
1734650543.939634,1
1734650544.042196,1
1734650544.144776,1
1734650544.246834,1
1734650544.350513,1
1734650544.452171,1
1734650544.554396,2
1734650544.657207,17
1734650544.759069,31
1734650544.861476,44
1734650544.963242,58
1734650545.065011,70
1734650545.166766,79
1734650545.270161,80
1734650545.371661,65
1734650545.473436,40
1734650545.575412,22
1734650545.677074,0
1734650545.785138,0
1734650545.886907,0
1734650545.988617,0
1734650546.090274,0
1734650546.191940,0
1734650546.293527,0
1734650546.395126,0
1734650546.496846,0
1734650546.598610,0
1734650546.700290,0
1734650546.802806,0
1734650546.904446,0
1734650547.006017,0
1734650547.107569,0
1734650547.209225,0
1734650547.313126,0
1734650547.414750,0
1734650547.516984,0
1734650547.618854,0
1734650547.721173,0
1734650547.823377,20
1734650547.925162,34
1734650548.026863,46
1734650548.128663,59
1734650548.230887,67
1734650548.332670,76
1734650548.434317,80
1734650548.536750,64
1734650548.638727,42
1734650548.740949,19
1734650548.849806,0
1734650548.951817,0
1734650549.053750,0
1734650549.155558,0
1734650549.257220,0
1734650549.361735,0
1734650549.463451,0
1734650549.565356,0
1734650549.669190,0
1734650549.772881,0
1734650549.874740,0
1734650549.978311,0
1734650550.079985,0
1734650550.186011,0
1734650550.290882,0
1734650550.392636,0
1734650550.494773,0
1734650550.596406,0
1734650550.699040,0
1734650550.804776,0
1734650550.907153,10
1734650551.009169,24
1734650551.111206,40
1734650551.213290,51
1734650551.315365,61
1734650551.417216,69
1734650551.519088,74
1734650551.621035,75
1734650551.723019,52
1734650551.825893,30
1734650551.927497,9
1734650552.037370,1
1734650552.139136,1
1734650552.240764,1
1734650552.345146,1
1734650552.446837,0
1734650552.548485,0
1734650552.650448,0
1734650552.752361,0
1734650552.856033,0
1734650552.959062,0
1734650553.060740,0
1734650553.165146,0
1734650553.266953,0
1734650553.370489,0
1734650553.472201,0
1734650553.574203,0
1734650553.679289,0
1734650553.781717,0
1734650553.883619,0
1734650553.985503,0
1734650554.087254,0
1734650554.188927,0
1734650554.290804,1
1734650554.392656,18
1734650554.494385,33
1734650554.596271,46
1734650554.697908,58
1734650554.800307,64
1734650554.902686,73
1734650555.006379,79
1734650555.113274,67
1734650555.214855,43
1734650555.316401,20
1734650555.418147,0
1734650555.519899,0
1734650555.621907,0
1734650555.724083,0
1734650555.826464,0
1734650555.931251,0
1734650556.033055,0
1734650556.134882,0
1734650556.237251,0
1734650556.339307,0
1734650556.440978,0
1734650556.542790,0
1734650556.644513,0
1734650556.749307,0
1734650556.851410,0
1734650556.953191,0
1734650557.054870,0
1734650557.157330,0
1734650557.259625,15
1734650557.361510,28
1734650557.463249,39
1734650557.565010,51
1734650557.667066,59
1734650557.769398,66
1734650557.871295,71
1734650557.973022,74
1734650558.081459,54
1734650558.183122,31
1734650558.284692,8
1734650558.386344,1
1734650558.488013,1
1734650558.589807,1
1734650558.691731,1
1734650558.794106,1
1734650558.895977,1
1734650558.997840,1
1734650559.099600,0
1734650559.201107,0
1734650559.302685,0
1734650559.404307,0
1734650559.506507,0
1734650559.610296,1
1734650559.712525,1
1734650559.814551,1
1734650559.916395,1
1734650560.018128,1
1734650560.119898,1
1734650560.223608,0
1734650560.325329,0
1734650560.427038,0
1734650560.528647,0
1734650560.630621,0
1734650560.733150,19
1734650560.835367,31
1734650560.937895,45
1734650561.039464,56
1734650561.141113,67
1734650561.242918,78
1734650561.344567,79
1734650561.446125,67
1734650561.548552,42
1734650561.651197,24
1734650561.753546,0
1734650561.855804,0
1734650561.957699,0
1734650562.059438,0
1734650562.161104,0
1734650562.263840,0
1734650562.365428,0
1734650562.467753,0
1734650562.570901,0
1734650562.672719,0
1734650562.775096,0
1734650562.877053,0
1734650562.978816,0
1734650563.080516,0
1734650563.182218,0
1734650563.285089,0
1734650563.387556,0
1734650563.489154,0
1734650563.590778,0
1734650563.693170,0
1734650563.795321,0
1734650563.897259,14
1734650563.999427,26
1734650564.101415,36
1734650564.203193,48
1734650564.305297,55
1734650564.407083,62
1734650564.508765,71
1734650564.610291,80
1734650564.715386,59
1734650564.817531,35
1734650564.919357,10
1734650565.023307,0
1734650565.124963,0
1734650565.228103,0
1734650565.330277,0
1734650565.432441,0
1734650565.533987,0
1734650565.636561,0
1734650565.738348,0
1734650565.840996,0
1734650565.942756,0
1734650566.044458,0
1734650566.146095,0
1734650566.247771,0
1734650566.352811,0
1734650566.454621,0
1734650566.556370,0
1734650566.658217,0
1734650566.760148,0
1734650566.862414,14
1734650566.967652,23
1734650567.071345,39
1734650567.172982,49
1734650567.274666,60
1734650567.376437,69
1734650567.479203,76
1734650567.580802,76
1734650567.683191,56
1734650567.785481,34
1734650567.887500,13
1734650567.990891,0
1734650568.092726,0
1734650568.194627,0
1734650568.297270,0
1734650568.399007,0
1734650568.500826,0
1734650568.602476,0
1734650568.704368,0
1734650568.815869,1
1734650568.917843,1
1734650569.020833,1
1734650569.122680,1
1734650569.224424,1
1734650569.326164,1
1734650569.427876,1
1734650569.529536,0
1734650569.631155,0
1734650569.733008,0
1734650569.835117,0
1734650569.937099,0
1734650570.039016,0
1734650570.141644,19
1734650570.243468,34
1734650570.345162,45
1734650570.446807,54
1734650570.548704,60
1734650570.652275,67
1734650570.755883,70
1734650570.858015,68
1734650570.959768,45
1734650571.062009,25
1734650571.163661,0
1734650571.265302,0
1734650571.366980,0
1734650571.468693,0
1734650571.570902,0
1734650571.672686,0
1734650571.775205,0
1734650571.878565,0
1734650571.980324,0
1734650572.082075,0
1734650572.183827,0
1734650572.285473,0
1734650572.387144,0
1734650572.489297,0
1734650572.591607,0
1734650572.693910,0
1734650572.797802,0
1734650572.899783,0
1734650573.005154,0
1734650573.106896,0
1734650573.208576,0
1734650573.313164,0
1734650573.414800,0
1734650573.517597,0
1734650573.619697,11
1734650573.721831,27
1734650573.823960,38
1734650573.926105,51
1734650574.038795,61
1734650574.141323,70
1734650574.243134,80
1734650574.344763,70
1734650574.446459,48
1734650574.548181,24
1734650574.649843,2
1734650574.751884,0
1734650574.854128,0
1734650574.955991,0
1734650575.057645,0
1734650575.160550,0
1734650575.262283,0
1734650575.363848,0
1734650575.465487,0
1734650575.568394,0
1734650575.670195,0
1734650575.772491,0
1734650575.874218,0
1734650575.977436,0
1734650576.081234,0
1734650576.184221,0
1734650576.285901,0
1734650576.389448,0
1734650576.491324,17
1734650576.593220,30
1734650576.694939,43
1734650576.797197,58
1734650576.899055,67
1734650577.002100,73
1734650577.103955,79
1734650577.205642,68
1734650577.307325,46
1734650577.411057,22
1734650577.513345,0
1734650577.615082,0
1734650577.717059,0
1734650577.819030,0
1734650577.920992,0
1734650578.022839,0
1734650578.124600,0
1734650578.229363,0
1734650578.331003,0
1734650578.432951,1
1734650578.534775,1
1734650578.639038,1
1734650578.741323,1
1734650578.843367,1
1734650578.945083,1
1734650579.046926,1
1734650579.148639,1
1734650579.251035,1
1734650579.352720,1
1734650579.454351,1
1734650579.557715,15
1734650579.659549,25
1734650579.761289,38
1734650579.863476,51
1734650579.965637,61
1734650580.067749,70
1734650580.169528,79
1734650580.271174,78
1734650580.372933,55
1734650580.477437,32
1734650580.579457,13
1734650580.681177,0
1734650580.783544,0
1734650580.888448,0
1734650580.990647,0
1734650581.092331,0
1734650581.194057,0
1734650581.295920,0
1734650581.397583,0
1734650581.505631,0
1734650581.607570,0
1734650581.709305,0
1734650581.812601,0
1734650581.914308,0
1734650582.016233,0
1734650582.117987,0
1734650582.219755,0
1734650582.321337,0
1734650582.423528,14
1734650582.525417,23
1734650582.627578,38
1734650582.729752,51
1734650582.832030,62
1734650582.933759,72
1734650583.037569,80
1734650583.139292,78
1734650583.240814,54
1734650583.342430,30
1734650583.445209,14
1734650583.549112,0
1734650583.650621,0
1734650583.753684,0
1734650583.855835,0
1734650583.957842,0
1734650584.060697,0
1734650584.162359,0
1734650584.263943,0
1734650584.368468,0
1734650584.470144,0
1734650584.571772,0
1734650584.673352,0
1734650584.775636,0
1734650584.877758,0
1734650584.979333,0
1734650585.080943,0
1734650585.184772,0
1734650585.286266,0
1734650585.387935,0
1734650585.490855,0
1734650585.592909,9
1734650585.694619,26
1734650585.797182,37
1734650585.899003,52
1734650586.000764,64
1734650586.103379,72
1734650586.206566,79
1734650586.308328,76
1734650586.410014,53
1734650586.516005,28
1734650586.619344,11
1734650586.721294,0
1734650586.823265,0
1734650586.925310,0
1734650587.027225,0
1734650587.128963,0
1734650587.234370,0
1734650587.336379,0
1734650587.441216,0
1734650587.542921,0
1734650587.644513,0
1734650587.749173,0
1734650587.851218,0
1734650587.957698,1
1734650588.059664,1
1734650588.162348,1
1734650588.265156,1
1734650588.367388,1
1734650588.469468,0
1734650588.575067,1
1734650588.676941,0
1734650588.780471,2
1734650588.882487,21
1734650588.984365,34
1734650589.086216,49
1734650589.188592,60
1734650589.290317,66
1734650589.392059,75
1734650589.496096,78
1734650589.597759,59
1734650589.701066,35
1734650589.806813,14
1734650589.908776,0
1734650590.010515,0
1734650590.112654,0
1734650590.214379,0
1734650590.318124,0
1734650590.419942,0
1734650590.521745,0
1734650590.623709,0
1734650590.726340,0
1734650590.829539,0
1734650590.931598,0
1734650591.033206,0
1734650591.134853,0
1734650591.239583,0
1734650591.341249,0
1734650591.442980,0
1734650591.544827,0
1734650591.646809,1
1734650591.749339,20
1734650591.851850,35
1734650591.953748,47
1734650592.056090,59
1734650592.158280,66
1734650592.260896,77
1734650592.362651,80
1734650592.464389,65
1734650592.566022,40
1734650592.673228,21
1734650592.775466,0
1734650592.879339,0
1734650592.981052,0
1734650593.087375,0
1734650593.188932,0
1734650593.292515,0
1734650593.394207,0
1734650593.495836,0
1734650593.597609,0
1734650593.699565,0
1734650593.801781,0
1734650593.903602,0
1734650594.005530,0
1734650594.107309,0
1734650594.212286,0
1734650594.315092,0
1734650594.416741,0
1734650594.518617,0
1734650594.620350,0
1734650594.722577,1
1734650594.824903,15
1734650594.926782,27
1734650595.028630,40
1734650595.131166,55
1734650595.232853,67
1734650595.335287,77
1734650595.437015,79
1734650595.538625,69
1734650595.640173,45
1734650595.743082,25
1734650595.847145,0
1734650595.955072,0
1734650596.057046,0
1734650596.159028,0
1734650596.261059,0
1734650596.362740,0
1734650596.464471,0
1734650596.566246,0
1734650596.672845,0
1734650596.775864,0
1734650596.881602,0
1734650596.983428,0
1734650597.085048,0
1734650597.186756,0
1734650597.288391,0
1734650597.390374,0
1734650597.492225,18
1734650597.593932,34
1734650597.695686,45
1734650597.799408,60
1734650597.902379,67
1734650598.005115,77
1734650598.108033,79
1734650598.210531,60
1734650598.312359,37
1734650598.415275,18
1734650598.517160,0
1734650598.618954,0
1734650598.721529,0
1734650598.825213,0
1734650598.934408,1
1734650599.036308,1
1734650599.138035,1
1734650599.239891,1
1734650599.341566,1
1734650599.444687,1
1734650599.546242,1
1734650599.647907,1
1734650599.749729,0
1734650599.851657,0
1734650599.955133,0
1734650600.057819,0
1734650600.160276,0
1734650600.262375,0
1734650600.364122,0
1734650600.465995,0
1734650600.567781,15
1734650600.671762,29
1734650600.774860,44
1734650600.880532,58
1734650600.984707,60
1734650601.089194,71
1734650601.191582,78
1734650601.293906,63
1734650601.395612,38
1734650601.497463,18
1734650601.599365,0
1734650601.701107,0
1734650601.805541,0
1734650601.915175,0
1734650602.016913,0
1734650602.121196,0
1734650602.223848,0
1734650602.325814,0
1734650602.427572,0
1734650602.529278,0
1734650602.633836,0
1734650602.737432,0
1734650602.839685,0
1734650602.941787,0
1734650603.043769,0
1734650603.145355,0
1734650603.247035,0
1734650603.348679,0
1734650603.450753,0
1734650603.552406,0
1734650603.654245,0
1734650603.757571,1
1734650603.859846,18
1734650603.963885,33
1734650604.065687,44
1734650604.167459,59
1734650604.269163,68
1734650604.371335,78
1734650604.473043,79
1734650604.574756,65
1734650604.676453,40
1734650604.778772,24
1734650604.883433,0
1734650604.985164,0
1734650605.086877,0
1734650605.188496,0
1734650605.290157,0
1734650605.391833,0
1734650605.493446,0
1734650605.595074,0
1734650605.696823,0
1734650605.801987,0
1734650605.903667,0
1734650606.005361,0
1734650606.107283,0
1734650606.208989,0
1734650606.311088,0
1734650606.412846,1
1734650606.514577,1
1734650606.616587,1
1734650606.718982,12
1734650606.821185,27
1734650606.923488,40
1734650607.027332,53
1734650607.129093,63
1734650607.230977,71
1734650607.333438,77
1734650607.435127,73
1734650607.536896,50
1734650607.638603,28
1734650607.740573,9
1734650607.842584,1
1734650607.944331,1
1734650608.047292,1
1734650608.149014,1
1734650608.250650,0
1734650608.352647,0
1734650608.457224,0
1734650608.558850,0
1734650608.660719,0
1734650608.763504,0
1734650608.865457,0
1734650608.967354,0
1734650609.069035,0
1734650609.170757,0
1734650609.279657,0
1734650609.381064,0
1734650609.482664,0
1734650609.584381,0
1734650609.686035,0
1734650609.788250,0
1734650609.890050,23
1734650609.991774,37
1734650610.093627,49
1734650610.195380,62
1734650610.297218,70
1734650610.400483,80
1734650610.505381,77
1734650610.607463,57
1734650610.709146,32
1734650610.816779,17
1734650610.918588,0
1734650611.020546,0
1734650611.124882,0
1734650611.230224,0
1734650611.332056,0
1734650611.435119,0
1734650611.537308,0
1734650611.639210,0
1734650611.741216,0
1734650611.847486,0
1734650611.949925,0
1734650612.051694,0
1734650612.153529,0
1734650612.255222,0
1734650612.359967,0
1734650612.462165,0
1734650612.564117,0
1734650612.666407,0
1734650612.768852,0
1734650612.870926,1
1734650612.972904,13
1734650613.074770,28
1734650613.179182,40
1734650613.280990,56
1734650613.382884,64
1734650613.484842,70
1734650613.586615,80
1734650613.688618,71
1734650613.790973,49
1734650613.892840,25
1734650613.994586,1
1734650614.096344,0
1734650614.198023,0
1734650614.302230,0
1734650614.404328,0
1734650614.507346,0
1734650614.609366,0
1734650614.711127,0
1734650614.813301,1
1734650614.915106,1
1734650615.016861,1
1734650615.118720,1
1734650615.220402,1
1734650615.324903,1
1734650615.426631,1
1734650615.528331,1
1734650615.630221,1
1734650615.733600,20
1734650615.838882,34
1734650615.947384,47
1734650616.049134,59
1734650616.151294,70
1734650616.255574,77
1734650616.357500,77
1734650616.459699,61
1734650616.561696,40
1734650616.663536,18
1734650616.765773,0
1734650616.867767,0
1734650616.972033,0
1734650617.073763,0
1734650617.175649,0
1734650617.278047,0
1734650617.379655,0
1734650617.486010,0
1734650617.588616,0
1734650617.690293,0
1734650617.792660,0
1734650617.894519,0
1734650617.996267,0
1734650618.098537,0
1734650618.200361,0
1734650618.301886,0
1734650618.405575,0
1734650618.507859,0
1734650618.611726,0
1734650618.713846,0
1734650618.815992,0
1734650618.917796,0
1734650619.021319,0
1734650619.122889,0
1734650619.225065,2
1734650619.330613,20
1734650619.432538,34
1734650619.534099,48
1734650619.637865,58
1734650619.739996,66
1734650619.842298,72
1734650619.944186,79
1734650620.045893,62
1734650620.148170,37
1734650620.249805,16
1734650620.353031,0
1734650620.454855,0
1734650620.558864,0
1734650620.661002,0
1734650620.763895,0
1734650620.865980,0
1734650620.967829,0
1734650621.069640,0
1734650621.171322,0
1734650621.273894,0
1734650621.375546,0
1734650621.477344,0
1734650621.578906,0
1734650621.681591,0
1734650621.783912,0
1734650621.885687,0
1734650621.987271,0
1734650622.088897,0
1734650622.195515,0
1734650622.297248,0
1734650622.399138,2
1734650622.500947,20
1734650622.603066,33
1734650622.705975,48
1734650622.812513,59
1734650622.914169,61
1734650623.015921,73
1734650623.118139,80
1734650623.219970,60
1734650623.321568,37
1734650623.423235,13
1734650623.524784,2
1734650623.626569,1
1734650623.731815,1
1734650623.834935,1
1734650623.937130,1
1734650624.039201,0
1734650624.141010,1
1734650624.242583,1
1734650624.344228,1
1734650624.445977,0
1734650624.547834,0
1734650624.649657,0
1734650624.752449,0
1734650624.854515,0
1734650624.956249,0
1734650625.058086,0
1734650625.160027,0
1734650625.265133,0
1734650625.366738,0
1734650625.468417,0
1734650625.570303,0
1734650625.672311,15
1734650625.775044,29
1734650625.877281,40
1734650625.981189,54
1734650626.083341,63
1734650626.185091,72
1734650626.286637,80
1734650626.388259,71
1734650626.490155,47
1734650626.592349,26
1734650626.694245,2
1734650626.796580,0
1734650626.898326,0
1734650627.000048,0
1734650627.105214,0
1734650627.206917,0
1734650627.308533,0
1734650627.410091,0
1734650627.511715,0
1734650627.617970,0
1734650627.719757,0
1734650627.822070,0
1734650627.924572,0
1734650628.026946,0
1734650628.129397,0
1734650628.231252,0
1734650628.332953,0
1734650628.434561,0
1734650628.536141,0
1734650628.638885,2
1734650628.741192,21
1734650628.843497,36
1734650628.945459,50
1734650629.047292,61
1734650629.149074,67
1734650629.252566,79
1734650629.354214,79
1734650629.456087,61
1734650629.557838,37
1734650629.659540,17
1734650629.761551,0
1734650629.863821,0
1734650629.969010,0
1734650630.070704,0
1734650630.173415,0
1734650630.275074,0
1734650630.376770,0
1734650630.478336,0
1734650630.580022,0
1734650630.685291,0
1734650630.789740,0
1734650630.894646,0
1734650630.999595,0
1734650631.101278,0
1734650631.202930,0
1734650631.304574,0
1734650631.406398,0
1734650631.508102,0
1734650631.609813,0
