1734539846.200501,1
1734539846.303068,9
1734539846.404824,18
1734539846.506649,19
1734539846.608391,19
1734539846.710420,19
1734539846.812915,20
1734539846.915440,19
1734539847.017893,19
1734539847.119487,19
1734539847.221586,20
1734539847.324003,20
1734539847.426479,19
1734539847.528473,19
1734539847.630573,17
1734539847.732780,15
1734539847.834947,15
1734539847.936723,15
1734539848.038907,15
1734539848.141159,16
1734539848.243103,15
1734539848.345432,16
1734539848.451338,14
1734539848.553357,15
1734539848.655418,14
1734539848.758267,16
1734539848.860550,16
1734539848.962524,16
1734539849.064784,17
1734539849.167126,17
1734539849.269190,17
1734539849.371647,17
1734539849.473933,17
1734539849.575976,17
1734539849.678307,18
1734539849.780448,18
1734539849.882219,19
1734539849.984447,18
1734539850.086733,18
1734539850.189917,18
1734539850.292172,18
1734539850.394384,18
1734539850.496728,17
1734539850.598652,16
1734539850.701051,15
1734539850.803389,15
1734539850.908477,14
1734539851.010571,16
1734539851.112634,16
1734539851.214767,16
1734539851.316875,16
1734539851.419068,16
1734539851.521182,14
1734539851.623320,16
1734539851.725854,17
1734539851.828637,16
1734539851.931583,18
1734539852.033879,16
1734539852.136216,17
1734539852.238160,18
1734539852.340294,19
1734539852.442827,20
1734539852.545138,19
1734539852.647146,20
1734539852.749516,19
1734539852.851461,19
1734539852.953616,20
1734539853.055528,18
1734539853.160502,17
1734539853.262679,16
1734539853.364762,14
1734539853.466755,14
1734539853.569012,13
1734539853.672263,14
1734539853.775205,16
1734539853.877372,15
1734539853.979394,16
1734539854.082460,16
1734539854.184422,16
1734539854.286788,17
1734539854.388689,16
1734539854.491134,16
1734539854.598518,16
1734539854.700870,17
1734539854.803111,17
1734539854.905202,17
1734539855.009876,16
1734539855.111858,18
1734539855.213921,18
1734539855.315823,19
1734539855.417689,18
1734539855.519812,19
1734539855.621567,20
1734539855.723826,20
1734539855.825764,20
1734539855.928033,19
1734539856.029953,19
1734539856.135048,18
1734539856.237477,15
1734539856.339534,14
1734539856.444251,13
1734539856.546463,14
1734539856.648619,14
1734539856.750839,16
1734539856.852783,14
1734539856.954922,15
1734539857.057811,14
1734539857.159754,16
1734539857.262052,17
1734539857.363806,16
1734539857.466201,17
1734539857.568093,16
1734539857.670140,17
1734539857.773116,17
1734539857.875704,18
1734539857.977710,17
1734539858.079677,16
1734539858.181599,17
1734539858.283572,16
1734539858.385346,18
1734539858.487500,17
1734539858.589287,17
1734539858.692461,18
1734539858.794977,17
1734539858.897294,18
1734539858.999022,18
1734539859.100786,19
1734539859.202907,18
1734539859.304617,20
1734539859.406823,18
1734539859.508765,16
1734539859.610967,16
1734539859.713136,14
1734539859.815439,15
1734539859.917770,16
1734539860.020009,16
1734539860.121822,16
1734539860.224304,16
1734539860.326539,16
1734539860.428415,16
1734539860.530698,16
1734539860.632812,16
1734539860.734895,17
1734539860.837083,18
1734539860.938897,17
1734539861.041074,17
1734539861.142892,18
1734539861.245110,18
1734539861.347143,18
1734539861.449213,20
1734539861.550894,18
1734539861.652866,19
1734539861.755302,18
1734539861.857328,18
1734539861.959543,19
1734539862.061595,18
1734539862.163832,17
1734539862.265736,13
1734539862.367794,12
1734539862.470053,11
1734539862.572019,11
1734539862.673934,13
1734539862.776772,13
1734539862.879483,13
1734539862.982990,14
1734539863.085813,13
1734539863.188875,13
1734539863.291565,13
1734539863.393740,14
1734539863.495627,14
1734539863.597972,15
1734539863.701337,16
1734539863.803782,14
1734539863.905852,15
1734539864.008029,15
1734539864.110066,15
1734539864.211890,18
1734539864.318746,17
1734539864.420990,16
1734539864.522650,16
1734539864.625082,18
1734539864.727075,19
1734539864.829286,20
1734539864.931161,19
1734539865.033272,19
1734539865.135362,19
1734539865.237234,19
1734539865.339760,19
1734539865.441665,20
1734539865.543703,20
1734539865.645540,19
1734539865.747763,19
1734539865.849922,17
1734539865.951923,14
1734539866.054054,14
1734539866.156286,16
1734539866.258409,15
1734539866.360612,15
1734539866.462894,16
1734539866.564838,15
1734539866.666657,16
1734539866.768709,15
1734539866.870519,18
1734539866.972438,16
1734539867.074378,17
1734539867.176631,17
1734539867.278516,18
1734539867.380683,17
1734539867.483082,18
1734539867.585308,17
1734539867.687328,17
1734539867.789655,17
1734539867.891543,18
1734539867.993650,17
1734539868.095337,18
1734539868.197678,17
1734539868.299752,19
1734539868.401549,18
1734539868.503916,18
1734539868.605740,18
1734539868.708419,18
1734539868.810927,18
1734539868.913347,17
1734539869.015593,17
1734539869.118559,14
1734539869.220525,15
1734539869.322661,15
1734539869.424811,15
1734539869.530037,14
1734539869.632195,15
1734539869.734478,15
1734539869.836557,16
1734539869.938625,15
1734539870.040918,15
1734539870.142857,15
1734539870.245035,15
1734539870.347135,15
1734539870.449155,16
1734539870.550915,17
1734539870.653030,16
1734539870.755538,17
1734539870.858064,16
1734539870.960446,17
1734539871.062840,17
1734539871.167414,18
1734539871.269966,19
1734539871.371976,18
1734539871.474196,19
1734539871.576215,19
1734539871.678124,17
1734539871.780316,18
1734539871.882749,19
1734539871.985108,17
1734539872.087026,15
1734539872.189108,15
1734539872.291238,15
1734539872.392826,14
1734539872.495262,14
1734539872.597475,14
1734539872.699474,14
1734539872.801716,14
1734539872.903710,14
1734539873.005762,15
1734539873.107941,15
1734539873.209798,16
1734539873.312025,15
1734539873.413902,15
1734539873.515980,15
1734539873.617938,17
1734539873.720921,16
1734539873.823432,16
1734539873.925553,16
1734539874.027476,17
1734539874.129574,19
1734539874.231623,17
1734539874.333650,17
1734539874.435808,19
1734539874.537479,18
1734539874.639640,19
1734539874.741742,19
1734539874.843945,20
1734539874.946523,19
1734539875.048701,19
1734539875.150995,20
1734539875.252637,18
1734539875.355057,17
1734539875.457080,15
1734539875.559245,17
1734539875.661421,16
1734539875.763535,17
1734539875.865203,17
1734539875.967282,17
1734539876.070605,17
1734539876.172945,18
1734539876.275082,18
1734539876.376991,19
1734539876.479223,19
1734539876.580902,18
1734539876.682969,19
1734539876.785216,19
1734539876.887513,19
1734539876.989346,19
1734539877.091635,19
1734539877.193383,19
1734539877.295644,19
1734539877.397483,19
1734539877.500567,20
1734539877.603040,18
1734539877.705251,19
1734539877.807185,19
1734539877.909150,15
1734539878.011197,14
1734539878.113477,13
1734539878.215685,14
1734539878.317761,12
1734539878.419698,14
1734539878.521794,14
1734539878.623801,15
1734539878.727143,15
1734539878.829607,15
1734539878.931648,16
1734539879.033693,16
1734539879.135724,15
1734539879.237642,15
1734539879.339744,16
1734539879.441576,16
1734539879.543875,16
1734539879.645631,17
1734539879.748723,16
1734539879.850875,16
1734539879.953182,16
1734539880.055272,17
1734539880.158793,16
1734539880.261110,17
1734539880.363457,18
1734539880.465723,18
1734539880.567857,20
1734539880.670099,19
1734539880.772446,18
1734539880.874493,19
1734539880.976422,18
1734539881.078334,19
1734539881.180501,19
1734539881.282535,19
1734539881.388173,17
1734539881.490217,18
1734539881.592224,17
1734539881.694759,16
1734539881.796917,15
1734539881.898849,15
1734539882.001223,15
1734539882.103883,15
1734539882.205915,16
1734539882.308156,16
1734539882.410187,14
1734539882.512819,14
1734539882.615194,15
1734539882.717484,16
1734539882.819860,15
1734539882.921775,15
1734539883.024040,16
1734539883.125950,16
1734539883.228386,15
1734539883.330379,15
1734539883.432776,17
1734539883.534687,17
1734539883.636922,19
1734539883.740939,18
1734539883.843392,19
1734539883.945477,19
1734539884.047540,17
1734539884.149640,20
1734539884.251461,19
1734539884.353755,20
1734539884.455721,18
1734539884.557982,18
1734539884.659824,16
1734539884.762644,16
1734539884.865702,17
1734539884.969533,16
1734539885.071658,16
1734539885.173900,16
1734539885.277480,17
1734539885.379659,16
1734539885.481819,17
1734539885.583723,16
1734539885.685969,17
1734539885.794556,16
1734539885.896524,17
1734539885.998637,16
1734539886.100726,18
1734539886.202705,16
1734539886.304632,17
1734539886.411788,16
1734539886.513772,17
1734539886.615638,17
1734539886.717972,17
1734539886.819931,17
1734539886.922128,18
1734539887.024212,18
1734539887.126292,19
1734539887.228116,18
1734539887.329879,18
1734539887.432076,18
1734539887.534451,18
1734539887.636658,18
1734539887.738741,17
1734539887.842596,15
1734539887.944647,15
1734539888.046770,15
1734539888.148854,15
1734539888.250999,13
1734539888.352784,16
1734539888.455018,15
1734539888.557300,14
1734539888.659214,15
1734539888.761773,17
1734539888.864348,16
1734539888.966491,16
1734539889.069644,15
1734539889.172043,17
1734539889.274068,17
1734539889.375941,17
1734539889.479293,17
1734539889.581256,20
1734539889.683482,19
1734539889.785760,20
1734539889.887496,20
1734539889.989554,19
1734539890.091417,19
1734539890.193624,18
1734539890.295423,18
1734539890.397845,18
1734539890.499708,15
1734539890.601809,14
1734539890.704096,14
1734539890.810295,13
1734539890.912848,15
1734539891.015410,14
1734539891.117390,13
1734539891.219563,11
1734539891.321748,12
1734539891.427827,11
1734539891.529927,13
1734539891.632064,12
1734539891.734238,13
1734539891.836453,13
1734539891.938313,14
1734539892.040384,13
1734539892.142258,14
1734539892.244590,15
1734539892.346391,15
1734539892.448611,15
1734539892.550879,15
1734539892.653214,16
1734539892.755572,15
1734539892.857579,15
1734539892.959456,17
1734539893.061567,17
1734539893.163545,17
1734539893.265583,17
1734539893.367971,19
1734539893.469857,18
1734539893.572039,18
1734539893.673944,19
1734539893.777000,18
1734539893.879170,19
1734539893.981046,19
1734539894.083243,20
1734539894.185153,19
1734539894.286952,19
1734539894.389002,20
1734539894.490832,20
1734539894.592661,19
1734539894.694816,19
1734539894.796834,20
1734539894.905093,18
1734539895.007201,20
1734539895.108961,19
1734539895.211092,18
1734539895.312993,17
1734539895.415772,12
1734539895.517955,10
1734539895.619779,10
1734539895.722081,12
1734539895.829339,13
1734539895.931856,11
1734539896.034046,14
1734539896.135912,13
1734539896.238173,13
1734539896.340032,15
1734539896.442085,15
1734539896.543810,14
1734539896.645910,14
1734539896.747993,16
1734539896.850184,15
1734539896.952165,15
1734539897.054215,15
1734539897.156113,17
1734539897.257882,16
1734539897.360216,16
1734539897.462083,17
1734539897.564456,16
1734539897.666487,17
1734539897.768435,16
1734539897.870402,18
1734539897.972141,17
1734539898.074490,17
1734539898.176235,19
1734539898.278015,19
1734539898.380214,18
1734539898.482166,18
1734539898.584334,19
1734539898.686288,18
1734539898.789048,18
1734539898.891339,19
1734539898.993129,19
1734539899.095091,18
1734539899.197199,16
1734539899.299436,16
1734539899.401396,9
1734539899.503544,10
1734539899.605771,11
1734539899.708181,13
1734539899.810322,12
1734539899.912203,12
1734539900.014580,14
1734539900.119081,12
1734539900.221247,13
1734539900.323359,14
1734539900.425477,14
1734539900.529585,13
1734539900.631638,15
1734539900.738729,16
1734539900.841232,15
1734539900.943510,16
1734539901.045642,15
1734539901.147526,16
1734539901.249659,17
1734539901.351484,17
1734539901.453467,16
1734539901.555394,17
1734539901.657072,19
1734539901.759471,18
1734539901.862007,19
1734539901.964245,19
1734539902.066065,19
1734539902.168057,19
1734539902.270427,19
1734539902.372154,20
1734539902.479488,18
1734539902.581938,20
1734539902.683885,19
1734539902.786125,19
1734539902.887973,19
1734539902.989825,20
1734539903.092095,18
1734539903.193941,17
1734539903.296052,16
1734539903.398074,10
1734539903.500031,10
1734539903.602388,10
1734539903.704539,11
1734539903.807178,11
1734539903.909375,11
1734539904.011218,12
1734539904.113369,13
1734539904.215418,12
1734539904.317648,13
1734539904.419546,15
1734539904.521792,14
1734539904.623500,14
1734539904.725576,15
1734539904.827576,16
1734539904.929774,15
1734539905.031705,15
1734539905.134110,16
1734539905.235950,17
1734539905.338027,16
1734539905.440189,16
1734539905.541912,17
1734539905.644299,17
1734539905.746618,17
1734539905.848884,18
1734539905.950653,18
1734539906.052541,17
1734539906.154743,18
1734539906.256500,19
1734539906.358603,18
1734539906.460453,18
1734539906.562438,18
1734539906.664555,20
1734539906.766853,18
1734539906.869149,19
1734539906.971370,20
1734539907.073114,19
1734539907.175032,18
1734539907.277056,16
1734539907.379116,15
1734539907.482338,11
1734539907.584761,11
1734539907.686980,13
1734539907.794616,11
1734539907.897550,13
1734539907.999697,14
1734539908.101525,13
1734539908.203767,13
1734539908.305818,14
1734539908.408107,14
1734539908.509798,14
1734539908.611973,15
1734539908.714860,15
1734539908.817223,15
1734539908.919059,15
1734539909.020986,15
1734539909.122957,15
1734539909.224744,16
1734539909.326848,16
1734539909.428701,18
1734539909.530848,16
1734539909.632650,16
1734539909.734825,17
1734539909.837010,17
1734539909.939029,18
1734539910.041193,18
1734539910.142921,20
1734539910.249508,17
1734539910.351921,19
1734539910.453789,19
1734539910.555789,19
1734539910.657609,19
1734539910.759831,20
1734539910.862091,18
1734539910.964005,19
1734539911.065667,19
1734539911.167610,19
1734539911.272437,16
1734539911.374479,13
1734539911.476612,11
1734539911.582680,9
1734539911.684798,12
1734539911.786964,12
1734539911.888800,11
1734539911.991024,12
1734539912.092720,13
1734539912.195017,12
1734539912.297040,11
1734539912.399311,13
1734539912.501208,14
1734539912.603569,14
1734539912.705615,13
1734539912.807670,16
1734539912.914460,14
1734539913.016706,16
1734539913.118453,16
1734539913.220510,16
1734539913.322356,16
1734539913.424496,17
1734539913.526218,17
1734539913.628142,17
1734539913.731338,17
1734539913.833899,18
1734539913.936257,17
1734539914.038254,17
1734539914.140487,18
1734539914.242676,19
1734539914.344500,19
1734539914.446650,19
1734539914.548346,20
1734539914.650083,19
1734539914.752306,19
1734539914.854235,20
1734539914.955982,19
1734539915.058191,19
1734539915.160130,19
1734539915.262153,19
1734539915.363945,19
1734539915.465825,18
1734539915.568030,18
1734539915.670172,14
1734539915.772545,11
1734539915.874878,11
1734539915.976929,12
1734539916.079081,12
1734539916.181380,12
1734539916.283186,13
1734539916.385295,14
1734539916.487086,13
1734539916.589280,13
1734539916.691389,15
1734539916.793663,14
1734539916.895449,14
1734539916.997606,14
1734539917.099519,16
1734539917.201644,15
1734539917.303583,15
1734539917.405779,16
1734539917.507594,17
1734539917.609791,15
1734539917.711899,16
1734539917.814021,17
1734539917.916111,17
1734539918.017862,17
1734539918.120222,18
1734539918.222141,19
1734539918.323965,17
1734539918.426125,18
1734539918.527975,19
1734539918.630219,18
1734539918.734047,19
1734539918.836826,20
1734539918.938939,18
1734539919.040893,18
1734539919.142689,18
1734539919.244969,20
1734539919.346869,18
1734539919.449229,17
1734539919.551109,16
1734539919.653208,12
1734539919.755459,10
1734539919.857363,10
1734539919.959570,12
1734539920.061480,11
1734539920.163796,11
1734539920.266062,11
1734539920.368559,13
1734539920.470560,12
1734539920.572377,12
1734539920.674478,14
1734539920.776651,14
1734539920.878707,14
1734539920.980595,14
1734539921.082742,15
1734539921.184736,15
1734539921.286605,15
1734539921.388742,16
1734539921.490448,17
1734539921.592654,16
1734539921.694779,16
1734539921.797135,17
1734539921.899035,17
1734539922.000891,17
1734539922.103160,18
1734539922.204921,18
1734539922.307101,17
1734539922.408922,18
1734539922.510593,19
1734539922.614256,18
1734539922.716754,19
1734539922.819607,19
1734539922.922104,19
1734539923.024953,19
1734539923.127436,20
1734539923.229339,19
1734539923.331331,19
1734539923.433463,19
1734539923.535342,20
1734539923.637179,19
1734539923.740591,18
1734539923.846583,17
1734539923.948817,15
1734539924.051051,11
1734539924.152825,12
1734539924.255019,12
1734539924.357487,12
1734539924.459342,13
1734539924.561736,14
1734539924.663893,13
1734539924.766104,13
1734539924.867896,15
1734539924.970178,14
1734539925.072115,14
1734539925.174581,15
1734539925.276526,16
1734539925.378913,15
1734539925.481050,15
1734539925.583303,16
1734539925.685283,15
1734539925.789858,15
1734539925.893292,17
1734539925.995697,16
1734539926.098009,16
1734539926.199708,18
1734539926.301960,17
1734539926.403594,17
1734539926.505501,17
1734539926.607515,18
1734539926.709457,18
1734539926.811909,18
1734539926.914152,20
1734539927.015958,20
1734539927.118205,18
1734539927.220136,18
1734539927.321770,19
1734539927.423926,18
1734539927.525760,18
1734539927.627784,17
1734539927.729906,18
1734539927.832185,18
1734539927.933838,11
1734539928.036017,11
1734539928.138334,11
1734539928.240115,11
1734539928.342246,11
1734539928.444202,11
1734539928.546201,12
1734539928.648320,12
1734539928.752004,13
1734539928.854425,13
1734539928.956244,13
1734539929.058375,14
1734539929.160084,15
1734539929.262337,14
1734539929.364261,15
1734539929.466554,16
1734539929.568453,16
1734539929.670649,15
1734539929.773110,16
1734539929.875141,17
1734539929.977440,16
1734539930.079380,16
1734539930.181424,18
1734539930.283222,18
1734539930.388789,16
1734539930.491216,18
1734539930.592919,18
1734539930.695191,19
1734539930.797659,19
1734539930.900615,20
1734539931.002950,19
1734539931.104915,19
1734539931.207074,20
1734539931.309402,19
1734539931.411330,19
1734539931.513737,20
1734539931.615726,20
1734539931.717935,18
1734539931.820385,16
1734539931.922590,14
1734539932.024690,11
1734539932.127034,11
1734539932.229178,12
1734539932.331271,13
1734539932.433390,12
1734539932.535382,13
1734539932.638123,14
1734539932.740192,13
1734539932.842146,13
1734539932.943953,14
1734539933.046041,15
1734539933.147750,14
1734539933.249932,14
1734539933.351851,16
1734539933.454126,16
1734539933.556018,15
1734539933.658026,15
1734539933.761034,17
1734539933.864650,15
1734539933.966443,16
1734539934.068265,17
1734539934.170507,16
1734539934.272385,17
1734539934.376239,18
1734539934.478145,17
1734539934.579978,17
1734539934.682031,17
1734539934.784142,19
1734539934.886271,18
1734539934.988058,18
1734539935.090052,19
1734539935.192206,20
1734539935.294192,18
1734539935.395784,18
1734539935.498093,20
1734539935.599915,18
1734539935.702206,18
1734539935.804495,17
1734539935.906922,16
1734539936.011087,9
1734539936.113489,10
1734539936.215662,12
1734539936.317590,11
1734539936.419648,11
1734539936.521728,11
1734539936.623704,13
1734539936.725733,12
1734539936.828091,12
1734539936.930283,14
1734539937.032010,13
1734539937.134217,13
1734539937.236175,14
1734539937.338404,16
1734539937.440269,14
