1734541156.037361,1
1734541156.139625,8
1734541156.241345,9
1734541156.342924,10
1734541156.444676,9
1734541156.546766,9
1734541156.648757,9
1734541156.750754,6
1734541156.852565,6
1734541156.954098,7
1734541157.056747,8
1734541157.158485,10
1734541157.260545,10
1734541157.363385,11
1734541157.465147,10
1734541157.567094,8
1734541157.669130,8
1734541157.771279,8
1734541157.873283,8
1734541157.976945,7
1734541158.079304,7
1734541158.181365,9
1734541158.283535,7
1734541158.385698,8
1734541158.487893,8
1734541158.589962,8
1734541158.692259,8
1734541158.794559,7
1734541158.896487,8
1734541159.002990,6
1734541159.105086,8
1734541159.207370,8
1734541159.309441,7
1734541159.411783,8
1734541159.514571,8
1734541159.616986,8
1734541159.719640,7
1734541159.821819,8
1734541159.923945,8
1734541160.028438,6
1734541160.130503,8
1734541160.232719,8
1734541160.334871,8
1734541160.436846,7
1734541160.539108,8
1734541160.641518,8
1734541160.743773,7
1734541160.846410,9
1734541160.948802,7
1734541161.054121,6
1734541161.156258,8
1734541161.258281,9
1734541161.360463,8
1734541161.462636,7
1734541161.564827,9
1734541161.667027,7
1734541161.769384,8
1734541161.871615,8
1734541161.973520,7
1734541162.078694,7
1734541162.180779,7
1734541162.282820,8
1734541162.385042,6
1734541162.487118,6
1734541162.589268,9
1734541162.691505,7
1734541162.793514,7
1734541162.895648,6
1734541162.997575,6
1734541163.103694,7
1734541163.205702,7
1734541163.307714,9
1734541163.409812,7
1734541163.511862,8
1734541163.614382,8
1734541163.716597,8
1734541163.818618,8
1734541163.920622,7
1734541164.022534,8
1734541164.129591,6
1734541164.231630,8
1734541164.333683,8
1734541164.435925,7
1734541164.538864,8
1734541164.641380,8
1734541164.743581,8
1734541164.845520,7
1734541164.947714,8
1734541165.049747,8
1734541165.155106,6
1734541165.257492,9
1734541165.359576,8
1734541165.461656,8
1734541165.563804,7
1734541165.665980,8
1734541165.768270,8
1734541165.870209,7
1734541165.972439,8
1734541166.074334,7
1734541166.175997,1
1734541166.277927,1
1734541166.380045,2
1734541166.482212,2
1734541166.585184,3
1734541166.687278,5
1734541166.789478,8
1734541166.891755,6
1734541166.993705,7
1734541167.095927,8
1734541167.198084,7
1734541167.300170,7
1734541167.402280,9
1734541167.504384,8
1734541167.606385,9
1734541167.708677,10
1734541167.810380,9
1734541167.912457,11
1734541168.014875,10
1734541168.118611,9
1734541168.220664,10
1734541168.322839,11
1734541168.424713,9
1734541168.526640,10
1734541168.628723,11
1734541168.730726,9
1734541168.832850,10
1734541168.935310,10
1734541169.037323,11
1734541169.139642,11
1734541169.241168,11
1734541169.343148,11
1734541169.445266,12
1734541169.548497,10
1734541169.651337,10
1734541169.753544,10
1734541169.859502,8
1734541169.961430,8
1734541170.063533,11
1734541170.165734,8
1734541170.267733,8
1734541170.369464,10
1734541170.471502,8
1734541170.573505,8
1734541170.675873,10
1734541170.777849,9
1734541170.883946,8
1734541170.986110,9
1734541171.088164,9
1734541171.190310,10
1734541171.293289,8
1734541171.395283,9
1734541171.497336,10
1734541171.599369,10
1734541171.701430,8
1734541171.803226,11
1734541171.905334,10
1734541172.007404,10
1734541172.109390,11
1734541172.211936,10
1734541172.315995,9
1734541172.417898,11
1734541172.519969,10
1734541172.624858,9
1734541172.727271,11
1734541172.829365,11
1734541172.931170,10
1734541173.033380,10
1734541173.135531,11
1734541173.237228,11
1734541173.339363,10
1734541173.441586,11
1734541173.543540,10
1734541173.645532,10
1734541173.747798,10
1734541173.849433,9
1734541173.951628,9
1734541174.053745,8
1734541174.155701,8
1734541174.257284,9
1734541174.359405,10
1734541174.461607,8
1734541174.564546,8
1734541174.667047,10
1734541174.769373,9
1734541174.871608,9
1734541174.973810,10
1734541175.075851,10
1734541175.177859,11
1734541175.279688,11
1734541175.381631,11
1734541175.483661,12
1734541175.585783,11
1734541175.687807,12
1734541175.790078,11
1734541175.894566,10
1734541175.996518,11
1734541176.098674,12
1734541176.200534,12
1734541176.302505,11
1734541176.404650,8
1734541176.507547,2
1734541176.609687,3
1734541176.712022,4
1734541176.814208,5
1734541176.916227,5
1734541177.018403,8
1734541177.120551,6
1734541177.222827,7
1734541177.324776,9
1734541177.427084,7
1734541177.529211,8
1734541177.631326,9
1734541177.733362,9
1734541177.835431,8
1734541177.937297,11
1734541178.039572,9
1734541178.141909,10
1734541178.243648,10
1734541178.345809,11
1734541178.447710,9
1734541178.549697,11
1734541178.651937,11
1734541178.753968,10
1734541178.856259,10
1734541178.958413,10
1734541179.060089,11
1734541179.162025,10
1734541179.264062,9
1734541179.365844,11
1734541179.467923,11
1734541179.571153,10
1734541179.673731,11
1734541179.775793,10
1734541179.877550,10
1734541179.979584,10
1734541180.081581,9
1734541180.187674,9
1734541180.289695,9
1734541180.391864,10
1734541180.494033,8
1734541180.597148,9
1734541180.699425,9
1734541180.801602,9
1734541180.903915,9
1734541181.005943,8
1734541181.108116,8
1734541181.210057,9
1734541181.312112,9
1734541181.414164,9
1734541181.516233,10
1734541181.618430,9
1734541181.720409,9
1734541181.822454,9
1734541181.924626,9
1734541182.026871,11
1734541182.130643,9
1734541182.232664,11
1734541182.334857,12
1734541182.436570,11
1734541182.538754,10
1734541182.640953,10
1734541182.744746,10
1734541182.846756,11
1734541182.948943,12
1734541183.050723,11
1734541183.152914,11
1734541183.255071,12
1734541183.356965,11
1734541183.459076,11
1734541183.561205,12
1734541183.663089,11
1734541183.765260,11
1734541183.867022,10
1734541183.968997,11
1734541184.071110,11
1734541184.174689,8
1734541184.276431,9
1734541184.378466,10
1734541184.480470,8
1734541184.583255,8
1734541184.685671,10
1734541184.787889,8
1734541184.889949,10
1734541184.991989,10
1734541185.093900,8
1734541185.195826,9
1734541185.298118,10
1734541185.400307,9
1734541185.502444,10
1734541185.604360,10
1734541185.706604,10
1734541185.808633,11
1734541185.914089,9
1734541186.016125,9
1734541186.118176,11
1734541186.219848,10
1734541186.322027,10
1734541186.424214,11
1734541186.526127,10
1734541186.628139,10
1734541186.730258,6
1734541186.832451,2
1734541186.934623,2
1734541187.036742,3
1734541187.138904,4
1734541187.240951,4
1734541187.344328,7
1734541187.446480,5
1734541187.549723,6
1734541187.652075,8
1734541187.754119,7
1734541187.856210,8
1734541187.958420,9
1734541188.060488,9
1734541188.162623,11
1734541188.264947,11
1734541188.367067,11
1734541188.468585,11
1734541188.570646,11
1734541188.672610,11
1734541188.774941,11
1734541188.876952,12
1734541188.978809,11
1734541189.080874,12
1734541189.183744,9
1734541189.285536,11
1734541189.387462,12
1734541189.491102,10
1734541189.594042,11
1734541189.696345,12
1734541189.797993,12
1734541189.900060,11
1734541190.002419,11
1734541190.104271,11
1734541190.206562,9
1734541190.308681,9
1734541190.410788,8
1734541190.512660,9
1734541190.614887,9
1734541190.717326,8
1734541190.819392,10
1734541190.927424,8
1734541191.029647,9
1734541191.131736,10
1734541191.233822,9
1734541191.335898,9
1734541191.437747,10
1734541191.540071,9
1734541191.642184,9
1734541191.744334,11
1734541191.846460,10
1734541191.948748,10
1734541192.050656,11
1734541192.152750,10
1734541192.254893,10
1734541192.356558,10
1734541192.458785,10
1734541192.560780,10
1734541192.662796,10
1734541192.764993,10
1734541192.867037,10
1734541192.968815,11
1734541193.070988,11
1734541193.172977,9
1734541193.274865,11
1734541193.376924,10
1734541193.478674,10
1734541193.580759,10
1734541193.683062,9
1734541193.785061,10
1734541193.887109,10
1734541193.988919,10
1734541194.091000,10
1734541194.193209,10
1734541194.295352,9
1734541194.397097,10
1734541194.499172,11
1734541194.602471,11
1734541194.706244,9
1734541194.808142,12
1734541194.910440,10
1734541195.012543,10
1734541195.114733,12
1734541195.216522,10
1734541195.318646,9
1734541195.420950,13
1734541195.522975,10
1734541195.624934,11
1734541195.727225,12
1734541195.830196,11
1734541195.931878,11
1734541196.033868,10
1734541196.136518,11
1734541196.238313,11
1734541196.340282,10
1734541196.442016,12
1734541196.544043,11
1734541196.646195,12
1734541196.748233,10
1734541196.850522,11
1734541196.952589,10
1734541197.054443,7
1734541197.156405,1
1734541197.258390,1
1734541197.360463,2
1734541197.462676,3
1734541197.565071,4
1734541197.667192,7
1734541197.769561,8
1734541197.871622,6
1734541197.973679,8
1734541198.075697,6
1734541198.177836,7
1734541198.280072,9
1734541198.382395,8
1734541198.485984,8
1734541198.588004,11
1734541198.690280,10
1734541198.792521,10
1734541198.894261,10
1734541198.996418,10
1734541199.098424,10
1734541199.200625,11
1734541199.302636,11
1734541199.404348,10
1734541199.506474,11
1734541199.614651,9
1734541199.717026,10
1734541199.819209,11
1734541199.920944,10
1734541200.023256,10
1734541200.125441,10
1734541200.227142,10
1734541200.329233,10
1734541200.431363,9
1734541200.533334,8
1734541200.635305,10
1734541200.737588,10
1734541200.839927,10
1734541200.942440,11
1734541201.047655,7
1734541201.149764,10
1734541201.251898,10
1734541201.354016,10
1734541201.456223,9
1734541201.557934,11
1734541201.660123,9
1734541201.762339,10
1734541201.864665,9
1734541201.966362,9
1734541202.068465,10
1734541202.170612,9
1734541202.272710,10
1734541202.374495,11
1734541202.476618,10
1734541202.578715,10
1734541202.680508,12
1734541202.782723,10
1734541202.885126,11
1734541202.986851,12
1734541203.089075,11
1734541203.192607,10
1734541203.294755,10
1734541203.396713,11
1734541203.502705,9
1734541203.604964,10
1734541203.707302,11
1734541203.809106,10
1734541203.911331,10
1734541204.013321,9
1734541204.115278,10
1734541204.217322,10
1734541204.319436,11
1734541204.421192,10
1734541204.523305,10
1734541204.626472,10
1734541204.728597,10
1734541204.830716,10
1734541204.934613,9
1734541205.036780,10
1734541205.139193,11
1734541205.242167,9
1734541205.344071,10
1734541205.446258,11
1734541205.547935,10
1734541205.650032,10
1734541205.752238,10
1734541205.854077,10
1734541205.956130,10
1734541206.058095,9
1734541206.160167,8
1734541206.262007,9
1734541206.364095,8
1734541206.466158,8
1734541206.568361,11
1734541206.670604,9
1734541206.772691,10
1734541206.874741,11
1734541206.976871,9
1734541207.079049,9
1734541207.180988,9
1734541207.282856,10
1734541207.384938,5
1734541207.487261,3
1734541207.589266,3
1734541207.691391,4
1734541207.793449,6
1734541207.895650,8
1734541207.997891,7
1734541208.099944,7
1734541208.202076,8
1734541208.304078,8
1734541208.406210,9
1734541208.510066,10
1734541208.611772,9
1734541208.714250,11
1734541208.816379,12
1734541208.921853,9
1734541209.023740,11
1734541209.125869,12
1734541209.227660,11
1734541209.329918,10
1734541209.432062,11
1734541209.534720,10
1734541209.637281,11
1734541209.739696,11
1734541209.841499,11
1734541209.943501,10
1734541210.045466,10
1734541210.147325,10
1734541210.249305,10
1734541210.351029,10
1734541210.453078,10
1734541210.555362,11
1734541210.657764,10
1734541210.760231,10
1734541210.862275,10
1734541210.964113,9
1734541211.066229,10
1734541211.168466,10
1734541211.270070,10
1734541211.372003,9
1734541211.474008,9
1734541211.576077,10
1734541211.678341,9
1734541211.780804,7
1734541211.882488,9
1734541211.984620,10
1734541212.086869,8
1734541212.189034,8
1734541212.290714,10
1734541212.392885,9
1734541212.495037,9
1734541212.597048,9
1734541212.699413,9
1734541212.801743,10
1734541212.903533,9
1734541213.005583,12
1734541213.107758,13
1734541213.215212,10
1734541213.317124,11
1734541213.419243,12
1734541213.524337,10
1734541213.626155,11
1734541213.728788,12
1734541213.830596,11
1734541213.932669,11
1734541214.035018,12
1734541214.136812,11
1734541214.238853,11
1734541214.340835,11
1734541214.442503,11
1734541214.545256,11
1734541214.647428,11
1734541214.749658,11
1734541214.851817,11
1734541214.956249,10
1734541215.058264,10
1734541215.160386,12
1734541215.262129,10
1734541215.364331,10
1734541215.466398,11
1734541215.568061,10
1734541215.670024,11
1734541215.772355,10
1734541215.874102,11
1734541215.976210,9
1734541216.078297,9
1734541216.180266,10
1734541216.282429,9
1734541216.384359,9
1734541216.486155,8
1734541216.588388,10
1734541216.690829,8
1734541216.792850,10
1734541216.894865,7
1734541216.996682,9
1734541217.098864,10
1734541217.201139,9
1734541217.303071,9
1734541217.404991,11
1734541217.506992,8
1734541217.609140,9
1734541217.711393,6
1734541217.813365,2
1734541217.915536,2
1734541218.017833,3
1734541218.120051,5
1734541218.223347,4
1734541218.325334,5
1734541218.427558,7
1734541218.529661,7
1734541218.632091,8
1734541218.734302,10
1734541218.836311,8
1734541218.938164,10
1734541219.040236,9
1734541219.142428,10
1734541219.243994,9
1734541219.346211,9
1734541219.448349,9
1734541219.551313,8
1734541219.653804,9
1734541219.756114,10
1734541219.858327,10
1734541219.960020,11
1734541220.062278,10
1734541220.164324,10
1734541220.266063,10
1734541220.368067,10
1734541220.470152,8
1734541220.572258,9
1734541220.674473,8
1734541220.776904,8
1734541220.879801,9
1734541220.982353,9
1734541221.084430,8
1734541221.188303,8
1734541221.290232,8
1734541221.392363,10
1734541221.494407,8
1734541221.596678,8
1734541221.698574,10
1734541221.800758,8
1734541221.902951,8
1734541222.004907,9
1734541222.106947,8
1734541222.208706,9
1734541222.310859,8
1734541222.412989,8
1734541222.515298,10
1734541222.618614,7
1734541222.720821,8
1734541222.822897,10
1734541222.924868,8
1734541223.027307,9
1734541223.128991,9
1734541223.231076,9
1734541223.333163,9
1734541223.435220,8
1734541223.537298,8
1734541223.639394,9
1734541223.741975,8
1734541223.844080,9
1734541223.946152,9
1734541224.050724,7
1734541224.152649,9
1734541224.254729,9
1734541224.356832,8
1734541224.459008,9
1734541224.564617,9
1734541224.667073,9
1734541224.769327,8
1734541224.871657,9
1734541224.975271,8
1734541225.077014,8
1734541225.179106,9
1734541225.281207,10
1734541225.383440,8
1734541225.485457,8
1734541225.587278,9
1734541225.689507,8
1734541225.791672,9
1734541225.893852,9
1734541225.995717,10
1734541226.097828,10
1734541226.199995,9
1734541226.302089,11
1734541226.405110,8
1734541226.506842,8
1734541226.608948,10
1734541226.711398,10
1734541226.813440,9
1734541226.915352,8
1734541227.017489,8
1734541227.119676,10
1734541227.221911,8
1734541227.324077,9
1734541227.426070,10
1734541227.528355,8
1734541227.630377,9
1734541227.732652,8
1734541227.834649,8
1734541227.936367,9
1734541228.038524,3
1734541228.140832,3
1734541228.243173,4
1734541228.345135,5
1734541228.447185,6
1734541228.549257,8
1734541228.652139,6
1734541228.754751,7
1734541228.856788,7
1734541228.959113,7
1734541229.060979,8
1734541229.163154,7
1734541229.265203,7
1734541229.368190,9
1734541229.470307,7
1734541229.572554,6
1734541229.675164,10
1734541229.777421,9
1734541229.879822,8
1734541229.981916,10
1734541230.083912,9
1734541230.185908,10
1734541230.287738,11
1734541230.389927,10
1734541230.492193,10
1734541230.593815,11
1734541230.696113,10
1734541230.798317,11
1734541230.900196,10
1734541231.002383,9
1734541231.104467,10
1734541231.206338,10
1734541231.308414,10
1734541231.410570,10
1734541231.512367,10
1734541231.614533,10
1734541231.716559,9
1734541231.818564,10
1734541231.920605,11
1734541232.022245,10
1734541232.124575,10
1734541232.226567,11
1734541232.328306,9
1734541232.430312,10
1734541232.532432,10
1734541232.634479,11
1734541232.741647,7
1734541232.843686,10
1734541232.946115,10
1734541233.048148,9
1734541233.150238,10
1734541233.252461,8
1734541233.354198,9
1734541233.456339,10
1734541233.558369,9
1734541233.660560,9
1734541233.765495,9
1734541233.867558,9
1734541233.969511,11
1734541234.071576,11
1734541234.173425,10
1734541234.275568,11
1734541234.377773,10
1734541234.479544,11
1734541234.582535,11
1734541234.684545,12
1734541234.786498,9
1734541234.888651,11
1734541234.990776,10
1734541235.092753,11
1734541235.194738,10
1734541235.296385,10
1734541235.398599,10
1734541235.500862,10
1734541235.602790,10
1734541235.705534,10
1734541235.807592,10
1734541235.909392,9
1734541236.011478,9
1734541236.113706,9
1734541236.215971,8
1734541236.318928,7
1734541236.420810,10
1734541236.523026,8
1734541236.624990,10
1734541236.727351,10
1734541236.829533,8
1734541236.936734,9
1734541237.039013,9
1734541237.140979,10
1734541237.243129,10
1734541237.344890,10
1734541237.447026,11
1734541237.549085,11
1734541237.651009,10
1734541237.753310,10
1734541237.855462,11
1734541237.957158,11
1734541238.059126,10
1734541238.161211,10
1734541238.262925,9
1734541238.365214,3
1734541238.467492,3
1734541238.569748,4
1734541238.671924,5
1734541238.774581,3
1734541238.876662,6
1734541238.978801,8
1734541239.081043,6
1734541239.183251,8
1734541239.285441,8
1734541239.387543,7
1734541239.489589,7
1734541239.592340,9
1734541239.697626,7
1734541239.799753,8
1734541239.901865,10
1734541240.003834,9
1734541240.105911,10
1734541240.207632,11
1734541240.309793,10
1734541240.412043,13
1734541240.514412,10
1734541240.616950,10
1734541240.719270,10
1734541240.822167,10
1734541240.923939,11
1734541241.026087,11
1734541241.127896,11
1734541241.230029,10
1734541241.332137,11
1734541241.433975,11
1734541241.536183,11
1734541241.638315,10
1734541241.740218,10
1734541241.842371,10
1734541241.945458,10
1734541242.047275,10
1734541242.149395,10
1734541242.251176,11
1734541242.353240,9
1734541242.455542,9
1734541242.557533,8
1734541242.659409,10
1734541242.761761,8
1734541242.863945,8
1734541242.966028,9
1734541243.072028,7
1734541243.174011,9
1734541243.276074,9
1734541243.378283,7
1734541243.480315,9
1734541243.582427,9
1734541243.684373,7
1734541243.786674,10
1734541243.888797,9
1734541243.991019,10
1734541244.093422,10
1734541244.195220,11
1734541244.297205,11
1734541244.399084,9
1734541244.500791,10
1734541244.603529,11
1734541244.706034,11
1734541244.808347,11
1734541244.910319,11
1734541245.012057,12
1734541245.114142,11
1734541245.215978,11
1734541245.317645,11
1734541245.419798,12
1734541245.526267,10
1734541245.628365,11
1734541245.730598,12
1734541245.832363,11
1734541245.934515,11
1734541246.036590,12
1734541246.138252,11
1734541246.240422,11
1734541246.342451,9
1734541246.444260,11
1734541246.546317,11
1734541246.648313,10
1734541246.750657,10
1734541246.852748,10
1734541246.954602,8
1734541247.056732,9
1734541247.159001,10
1734541247.261199,10
1734541247.366439,8
1734541247.468556,10
