1734648650.080809,0
1734648650.183157,11
1734648650.284943,17
1734648650.386765,24
1734648650.488561,35
1734648650.590245,40
1734648650.693383,47
1734648650.795692,52
1734648650.897472,60
1734648650.999266,59
1734648651.101197,60
1734648651.203054,60
1734648651.305620,59
1734648651.407863,59
1734648651.512875,60
1734648651.615240,60
1734648651.717553,59
1734648651.820380,60
1734648651.922314,59
1734648652.024143,59
1734648652.125695,60
1734648652.227423,59
1734648652.331018,57
1734648652.433187,58
1734648652.535112,60
1734648652.637195,59
1734648652.739373,59
1734648652.841560,57
1734648652.943853,57
1734648653.045861,56
1734648653.152915,57
1734648653.254841,56
1734648653.357057,57
1734648653.458802,56
1734648653.566993,56
1734648653.673352,60
1734648653.778954,59
1734648653.880746,59
1734648653.984427,59
1734648654.086145,60
1734648654.191353,59
1734648654.293099,60
1734648654.395469,54
1734648654.497239,51
1734648654.599180,52
1734648654.703158,53
1734648654.805359,51
1734648654.924475,52
1734648655.028494,52
1734648655.130998,52
1734648655.232925,54
1734648655.334797,54
1734648655.436818,53
1734648655.540819,54
1734648655.643015,54
1734648655.745209,55
1734648655.848085,55
1734648655.951415,56
1734648656.053145,56
1734648656.154905,55
1734648656.258392,54
1734648656.360026,54
1734648656.461818,54
1734648656.565900,54
1734648656.668301,54
1734648656.770624,53
1734648656.876275,54
1734648656.977849,54
1734648657.079524,54
1734648657.181784,54
1734648657.284355,54
1734648657.386305,54
1734648657.488233,54
1734648657.592117,55
1734648657.694153,55
1734648657.796421,56
1734648657.898164,55
1734648658.000195,56
1734648658.102336,53
1734648658.206136,55
1734648658.308043,56
1734648658.409791,54
1734648658.511958,55
1734648658.614601,54
1734648658.716766,55
1734648658.818673,55
1734648658.922512,55
1734648659.024199,55
1734648659.126040,53
1734648659.228813,55
1734648659.330441,55
1734648659.433252,55
1734648659.537677,57
1734648659.643085,56
1734648659.745198,55
1734648659.847335,56
1734648659.950814,56
1734648660.053371,57
1734648660.155365,56
1734648660.257986,56
1734648660.360932,56
1734648660.463675,56
1734648660.568778,56
1734648660.670589,57
1734648660.773821,56
1734648660.875798,57
1734648660.977610,55
1734648661.079465,56
1734648661.182258,56
1734648661.285413,55
1734648661.388038,56
1734648661.490179,56
1734648661.592270,56
1734648661.694372,57
1734648661.797803,55
1734648661.904910,55
1734648662.006611,56
1734648662.109048,57
1734648662.215171,56
1734648662.317902,55
1734648662.422546,55
1734648662.524960,56
1734648662.627119,55
1734648662.729158,57
1734648662.831317,56
1734648662.932986,54
1734648663.035467,56
1734648663.137191,55
1734648663.239206,57
1734648663.341139,56
1734648663.444822,55
1734648663.547311,56
1734648663.649364,56
1734648663.753190,55
1734648663.855605,57
1734648663.958252,57
1734648664.060735,57
1734648664.162770,57
1734648664.266232,58
1734648664.367934,59
1734648664.469693,59
1734648664.573794,59
1734648664.675749,59
1734648664.778223,59
1734648664.881290,59
1734648664.983295,58
1734648665.085171,58
1734648665.186886,60
1734648665.289148,57
1734648665.391053,59
1734648665.493150,58
1734648665.594831,57
1734648665.699324,58
1734648665.801750,55
1734648665.904802,50
1734648666.008128,46
1734648666.109814,42
1734648666.212056,42
1734648666.317660,41
1734648666.421045,40
1734648666.523392,40
1734648666.625739,39
1734648666.728446,40
1734648666.831869,40
1734648666.933885,38
1734648667.035731,40
1734648667.137477,39
1734648667.240355,39
1734648667.344008,40
1734648667.446749,41
1734648667.549866,40
1734648667.651815,41
1734648667.753757,41
1734648667.855945,43
1734648667.958149,42
1734648668.060094,43
1734648668.165862,42
1734648668.267999,43
1734648668.369907,41
1734648668.474501,43
1734648668.578006,42
1734648668.680315,42
1734648668.789209,42
1734648668.891082,42
1734648668.993227,42
1734648669.094958,41
1734648669.196766,41
1734648669.299183,42
1734648669.401060,41
1734648669.502760,42
1734648669.606639,41
1734648669.709331,40
1734648669.811785,41
1734648669.913895,42
1734648670.018733,40
1734648670.120563,41
1734648670.222458,40
1734648670.324537,41
1734648670.427495,41
1734648670.529673,40
1734648670.631844,41
1734648670.734348,41
1734648670.837186,40
1734648670.942316,40
1734648671.044050,41
1734648671.146459,40
1734648671.249605,41
1734648671.352881,41
1734648671.454985,41
1734648671.557925,43
1734648671.659847,41
1734648671.765232,41
1734648671.868973,42
1734648671.970885,44
1734648672.072445,42
1734648672.174308,43
1734648672.276855,42
1734648672.379053,43
1734648672.480842,43
1734648672.582873,42
1734648672.685133,41
1734648672.787477,42
1734648672.890980,43
1734648672.992682,42
1734648673.094362,43
1734648673.196577,44
1734648673.302262,44
1734648673.403946,42
1734648673.505871,42
1734648673.608640,43
1734648673.711020,44
1734648673.813161,42
1734648673.914917,42
1734648674.017428,43
1734648674.119226,44
1734648674.221245,46
1734648674.324165,43
1734648674.425782,44
1734648674.527443,43
1734648674.629311,45
1734648674.732339,46
1734648674.834391,44
1734648674.936831,45
1734648675.039022,44
1734648675.141745,45
1734648675.244504,46
1734648675.346223,46
1734648675.449014,47
1734648675.551516,45
1734648675.653632,46
1734648675.755612,46
1734648675.859189,46
1734648675.962712,46
1734648676.064600,46
1734648676.166439,46
1734648676.271211,45
1734648676.375695,46
1734648676.478402,48
1734648676.580364,47
1734648676.682535,47
1734648676.785330,48
1734648676.888297,47
1734648676.991487,47
1734648677.093361,47
1734648677.195573,47
1734648677.297142,47
1734648677.398740,47
1734648677.502100,47
1734648677.604543,46
1734648677.706901,47
1734648677.809859,47
1734648677.914780,47
1734648678.018366,47
1734648678.120233,48
1734648678.222250,48
1734648678.325207,47
1734648678.426892,48
1734648678.528629,48
1734648678.631299,48
1734648678.733624,48
1734648678.835616,48
1734648678.937482,48
1734648679.040002,47
1734648679.142144,49
1734648679.244045,47
1734648679.345910,49
1734648679.447743,48
1734648679.549491,50
1734648679.652178,49
1734648679.754351,49
1734648679.857435,51
1734648679.959134,51
1734648680.061036,51
1734648680.162673,51
1734648680.264333,51
1734648680.365947,52
1734648680.467833,51
1734648680.569511,51
1734648680.671261,50
1734648680.774194,52
1734648680.875923,52
1734648680.979733,50
1734648681.081397,51
1734648681.183562,50
1734648681.285754,52
1734648681.387376,51
1734648681.492635,52
1734648681.597112,52
1734648681.706057,51
1734648681.808589,51
1734648681.911040,51
1734648682.014099,51
1734648682.116856,52
1734648682.220809,52
1734648682.327513,50
1734648682.435938,51
1734648682.538048,52
1734648682.641016,50
1734648682.742648,51
1734648682.848858,50
1734648682.957876,51
1734648683.061106,51
1734648683.163555,52
1734648683.265905,51
1734648683.367716,51
1734648683.470581,51
1734648683.573871,51
1734648683.676589,51
1734648683.778725,51
1734648683.884521,52
1734648683.986205,52
1734648684.088081,52
1734648684.190401,54
1734648684.340899,52
1734648684.443375,55
1734648684.544993,53
1734648684.646700,55
1734648684.748703,54
1734648684.851059,53
1734648684.952911,52
1734648685.055443,53
1734648685.158452,54
1734648685.260565,56
1734648685.362174,54
1734648685.465730,56
1734648685.567521,54
1734648685.671469,53
1734648685.775480,54
1734648685.878102,56
1734648685.979773,54
1734648686.081672,56
1734648686.184913,53
1734648686.286527,55
1734648686.388197,53
1734648686.490003,55
1734648686.594242,55
1734648686.696889,54
1734648686.799181,56
1734648686.900940,56
1734648687.002587,54
1734648687.104194,56
1734648687.206664,54
1734648687.309946,54
1734648687.414258,55
1734648687.518299,55
1734648687.625692,55
1734648687.729146,54
1734648687.832243,55
1734648687.934705,55
1734648688.037302,55
1734648688.139024,55
1734648688.240932,55
1734648688.342869,54
1734648688.445146,56
1734648688.547045,56
1734648688.648956,56
1734648688.751128,57
1734648688.855928,56
1734648688.957619,55
1734648689.061178,55
1734648689.169646,57
1734648689.271308,57
1734648689.374664,56
1734648689.477333,56
1734648689.579291,57
1734648689.681390,57
1734648689.784093,58
1734648689.885828,57
1734648689.987439,56
1734648690.089172,55
1734648690.191029,55
1734648690.292834,56
1734648690.394495,57
1734648690.505436,57
1734648690.607019,57
1734648690.710145,58
1734648690.812278,56
1734648690.914770,56
1734648691.016462,56
1734648691.118148,57
1734648691.227258,56
1734648691.329111,57
1734648691.432527,57
1734648691.534726,57
1734648691.637351,56
1734648691.739408,56
1734648691.841551,56
1734648691.945185,56
1734648692.046911,56
1734648692.148787,56
1734648692.251192,56
1734648692.355236,56
1734648692.458323,56
1734648692.559980,56
1734648692.661601,58
1734648692.763928,56
1734648692.869313,56
1734648692.971005,57
1734648693.072628,56
1734648693.175074,55
1734648693.277456,58
1734648693.380909,58
1734648693.486682,59
1734648693.589001,57
1734648693.691010,57
1734648693.793835,58
1734648693.896338,57
1734648693.999160,59
1734648694.106354,59
1734648694.208066,58
1734648694.309667,58
1734648694.411317,58
1734648694.513454,58
1734648694.615053,58
1734648694.719180,57
1734648694.821180,59
1734648694.924999,59
1734648695.026590,59
1734648695.128275,59
1734648695.232137,58
1734648695.334052,56
1734648695.438447,55
1734648695.539993,54
1734648695.641457,56
1734648695.744268,56
1734648695.846311,55
1734648695.997552,55
1734648696.100349,54
1734648696.203630,55
1734648696.305397,54
1734648696.410523,54
1734648696.512574,52
1734648696.614442,49
1734648696.719049,43
1734648696.821611,36
1734648696.923433,30
1734648697.025276,27
1734648697.128890,27
1734648697.230657,28
1734648697.332387,28
1734648697.434089,28
1734648697.535869,28
1734648697.641547,28
1734648697.746177,28
1734648697.848077,29
1734648697.950235,28
1734648698.052065,29
1734648698.156191,30
1734648698.258064,29
1734648698.361847,29
1734648698.463570,30
1734648698.567251,29
1734648698.669279,29
1734648698.772660,30
1734648698.875520,30
1734648698.977570,30
1734648699.079326,30
1734648699.181157,31
1734648699.282854,30
1734648699.384642,30
1734648699.486460,32
1734648699.589041,31
1734648699.691627,30
1734648699.793933,32
1734648699.896211,33
1734648700.001527,31
1734648700.103261,31
1734648700.205026,33
1734648700.308402,31
1734648700.412105,33
1734648700.513932,33
1734648700.616221,32
1734648700.720774,32
1734648700.822867,32
1734648700.924636,32
1734648701.030139,32
1734648701.136204,33
1734648701.246782,32
1734648701.349015,33
1734648701.450781,34
1734648701.552476,35
1734648701.654168,33
1734648701.756253,33
1734648701.860148,35
1734648701.962205,34
1734648702.064001,34
1734648702.167794,34
1734648702.271476,34
1734648702.373350,34
1734648702.475074,36
1734648702.579340,34
1734648702.681112,35
1734648702.783599,36
1734648702.885401,35
1734648702.987058,35
1734648703.088703,35
1734648703.190384,36
1734648703.292874,36
1734648703.394431,35
1734648703.497945,36
1734648703.600376,36
1734648703.702230,36
1734648703.804587,36
1734648703.909155,34
1734648704.017034,36
1734648704.120607,36
1734648704.222871,36
1734648704.326064,36
1734648704.427986,37
1734648704.530215,37
1734648704.632164,37
1734648704.734293,38
1734648704.836529,37
1734648704.938277,37
1734648705.041126,37
1734648705.142857,38
1734648705.244671,37
1734648705.346839,37
1734648705.449333,38
1734648705.551001,38
1734648705.652798,38
1734648705.754830,39
1734648705.857564,38
1734648705.959495,38
1734648706.061274,38
1734648706.163042,38
1734648706.264703,38
1734648706.368579,38
1734648706.472790,39
1734648706.578001,38
1734648706.680208,39
1734648706.783045,40
1734648706.886005,39
1734648706.987818,39
1734648707.089520,40
1734648707.193822,39
1734648707.297941,40
1734648707.399687,40
1734648707.501370,39
1734648707.604108,39
1734648707.707254,41
1734648707.810798,40
1734648707.914483,40
1734648708.018027,41
1734648708.121344,40
1734648708.223222,40
1734648708.325288,41
1734648708.427120,40
1734648708.528766,40
1734648708.631856,41
1734648708.734188,40
1734648708.839768,40
1734648708.942266,42
1734648709.044027,42
1734648709.145824,42
1734648709.247574,43
1734648709.349454,43
1734648709.451163,42
1734648709.552939,42
1734648709.654717,43
1734648709.756758,42
1734648709.858716,41
1734648709.960917,42
1734648710.063009,44
1734648710.166587,43
1734648710.268252,43
1734648710.369924,44
1734648710.471728,43
1734648710.573535,43
1734648710.677655,44
1734648710.780902,42
1734648710.882688,42
1734648710.984366,43
1734648711.085891,41
1734648711.187825,42
1734648711.290478,44
1734648711.395719,43
1734648711.497509,43
1734648711.599187,44
1734648711.705950,42
1734648711.812734,45
1734648711.915526,44
1734648712.017635,44
1734648712.119500,45
1734648712.223452,44
1734648712.331963,45
1734648712.437040,44
1734648712.541728,46
1734648712.643777,45
1734648712.745771,45
1734648712.847906,45
1734648712.951363,45
1734648713.053465,45
1734648713.156711,46
1734648713.259118,47
1734648713.361542,45
1734648713.463217,45
1734648713.564908,47
1734648713.667365,46
1734648713.770885,46
1734648713.876518,46
1734648713.978289,46
1734648714.080329,46
1734648714.183143,47
1734648714.285347,45
1734648714.387626,46
1734648714.489228,48
1734648714.592278,48
1734648714.694516,46
1734648714.797177,46
1734648714.900332,47
1734648715.006698,46
1734648715.113763,47
1734648715.219845,47
1734648715.321482,48
1734648715.428788,47
1734648715.530681,47
1734648715.633265,47
1734648715.736412,47
1734648715.838585,47
1734648715.940272,48
1734648716.041947,47
1734648716.144097,47
1734648716.245928,48
1734648716.347797,47
1734648716.449677,48
1734648716.551379,48
1734648716.653012,49
1734648716.755090,48
1734648716.857034,48
1734648716.958803,50
1734648717.060786,50
1734648717.168573,49
1734648717.272031,50
1734648717.375575,49
1734648717.477228,49
1734648717.578888,49
1734648717.680905,48
1734648717.785663,49
1734648717.888573,51
1734648717.990355,49
1734648718.092044,49
1734648718.194226,50
1734648718.298489,49
1734648718.400573,50
1734648718.502136,50
1734648718.605455,49
1734648718.707795,49
1734648718.811291,51
1734648718.913226,50
1734648719.014848,50
1734648719.116937,50
1734648719.218709,52
1734648719.320447,51
1734648719.422083,51
1734648719.523823,51
1734648719.625478,51
1734648719.727781,50
1734648719.829970,50
1734648719.931756,52
1734648720.040149,50
1734648720.142018,52
1734648720.245129,51
1734648720.347012,50
1734648720.449846,50
1734648720.553014,53
1734648720.654776,52
1734648720.756921,52
1734648720.858922,54
1734648720.960725,52
1734648721.062408,52
1734648721.164346,52
1734648721.266579,53
1734648721.370908,53
1734648721.472907,54
1734648721.577736,52
1734648721.679424,53
1734648721.781623,53
1734648721.885529,52
1734648721.991968,52
1734648722.094397,54
1734648722.197250,53
1734648722.301877,53
1734648722.403643,54
1734648722.505618,53
1734648722.609948,53
1734648722.713330,54
1734648722.818613,53
1734648722.920464,55
1734648723.024423,53
1734648723.129734,53
1734648723.232035,54
1734648723.334919,53
1734648723.436772,53
1734648723.540944,54
1734648723.642876,54
1734648723.748831,54
1734648723.850858,53
1734648723.952654,54
1734648724.054375,55
1734648724.156195,56
1734648724.258345,55
1734648724.360133,56
1734648724.462003,57
1734648724.563717,57
1734648724.665408,55
1734648724.767793,55
1734648724.869665,55
1734648724.971411,54
1734648725.073367,54
1734648725.175135,55
1734648725.276906,56
1734648725.378802,55
1734648725.480418,55
1734648725.582089,56
1734648725.683906,56
1734648725.786333,55
1734648725.888135,55
1734648725.989810,57
1734648726.091432,57
1734648726.193224,55
1734648726.299769,55
1734648726.402425,55
1734648726.504290,55
1734648726.606006,56
1734648726.708380,57
1734648726.810583,56
1734648726.912425,56
1734648727.014128,56
1734648727.115774,56
1734648727.218251,56
1734648727.319931,57
1734648727.421590,57
1734648727.525781,56
1734648727.628246,56
1734648727.730898,57
1734648727.840391,57
1734648727.943307,58
1734648728.044951,57
1734648728.149250,56
1734648728.251442,57
1734648728.353450,58
1734648728.458450,59
1734648728.561067,59
1734648728.663306,58
1734648728.765892,58
1734648728.868244,59
1734648728.994088,58
1734648729.096446,59
1734648729.199294,58
1734648729.301633,58
1734648729.406048,58
1734648729.508563,58
1734648729.610787,58
1734648729.715248,58
1734648729.818357,58
1734648729.923057,59
1734648730.025414,59
1734648730.129596,59
1734648730.232094,59
1734648730.339500,58
1734648730.441998,59
1734648730.544567,58
1734648730.647098,58
1734648730.752399,59
1734648730.855079,58
1734648730.958144,58
1734648731.060808,59
1734648731.165081,58
1734648731.267638,58
1734648731.370411,58
1734648731.472825,58
1734648731.578489,59
1734648731.680984,58
1734648731.783466,57
1734648731.885761,57
1734648731.988072,53
1734648732.090271,47
1734648732.192752,39
1734648732.294725,35
1734648732.397063,30
1734648732.499938,31
1734648732.601952,32
1734648732.704559,31
1734648732.806964,30
1734648732.913760,31
1734648733.016324,30
1734648733.121101,33
1734648733.224932,31
1734648733.326822,31
1734648733.428549,31
1734648733.530288,33
1734648733.633628,31
1734648733.739274,32
1734648733.841469,32
1734648733.944537,31
1734648734.047309,32
1734648734.151685,34
1734648734.254009,32
1734648734.356291,33
1734648734.458408,33
1734648734.561082,32
1734648734.663498,32
1734648734.770502,34
1734648734.872944,32
1734648734.975130,34
1734648735.077155,34
1734648735.179457,33
1734648735.281323,33
1734648735.384314,35
1734648735.486467,34
1734648735.588722,34
1734648735.691241,35
1734648735.793715,33
1734648735.898390,34
1734648736.000637,36
1734648736.106383,34
1734648736.208961,35
1734648736.311243,36
1734648736.413469,35
1734648736.515459,35
1734648736.617860,36
1734648736.722726,34
1734648736.827066,35
1734648736.929029,37
1734648737.030738,35
1734648737.133107,36
1734648737.235182,37
1734648737.338669,36
1734648737.443827,36
1734648737.546283,37
1734648737.648546,36
1734648737.751581,36
1734648737.855622,37
1734648737.957960,37
1734648738.059865,37
1734648738.164921,36
1734648738.266570,36
1734648738.368498,37
1734648738.470691,38
1734648738.572693,38
1734648738.679491,39
1734648738.781874,38
1734648738.884212,38
1734648738.986431,39
1734648739.093488,38
1734648739.196162,38
1734648739.301143,38
1734648739.403493,38
1734648739.505489,39
1734648739.607367,40
1734648739.710015,38
1734648739.812674,39
1734648739.914820,39
1734648740.019458,39
1734648740.124382,40
1734648740.226738,40
1734648740.328710,39
1734648740.430802,39
1734648740.533036,41
1734648740.635933,40
1734648740.738465,40
1734648740.841080,41
1734648740.947444,40
1734648741.049366,41
1734648741.151864,42
1734648741.254073,41
1734648741.359090,41
1734648741.461288,40
1734648741.565287,41
1734648741.667956,42
1734648741.771810,41
1734648741.874151,41
1734648741.977240,42
1734648742.079026,41
