1734650153.452856,0
1734650153.555114,1
1734650153.659220,1
1734650153.761615,1
1734650153.864059,1
1734650153.966904,1
1734650154.071241,0
1734650154.174160,0
1734650154.278944,0
1734650154.381602,0
1734650154.483881,1
1734650154.589661,16
1734650154.692070,28
1734650154.794624,40
1734650154.897479,39
1734650154.999510,39
1734650155.103014,39
1734650155.205281,39
1734650155.313666,39
1734650155.415897,34
1734650155.518057,27
1734650155.620358,5
1734650155.722702,0
1734650155.825125,0
1734650155.929546,0
1734650156.031808,0
1734650156.133705,0
1734650156.235903,0
1734650156.338432,0
1734650156.440833,0
1734650156.543576,0
1734650156.653939,0
1734650156.757604,0
1734650156.860209,0
1734650156.962670,0
1734650157.065054,21
1734650157.170165,35
1734650157.272481,39
1734650157.374889,40
1734650157.477567,39
1734650157.580095,40
1734650157.682633,40
1734650157.785036,40
1734650157.887274,33
1734650157.989316,27
1734650158.091183,0
1734650158.193235,0
1734650158.297074,0
1734650158.398931,0
1734650158.500953,0
1734650158.603390,0
1734650158.705819,0
1734650158.809561,0
1734650158.913787,1
1734650159.016112,0
1734650159.118335,0
1734650159.220874,0
1734650159.323356,0
1734650159.425941,22
1734650159.528361,38
1734650159.634009,39
1734650159.736405,40
1734650159.839053,40
1734650159.941696,40
1734650160.049851,39
1734650160.152712,37
1734650160.255049,27
1734650160.358996,15
1734650160.461272,1
1734650160.563563,1
1734650160.665907,1
1734650160.768499,0
1734650160.870751,0
1734650160.973071,0
1734650161.075256,0
1734650161.177697,0
1734650161.279995,0
1734650161.381861,0
1734650161.484410,0
1734650161.592176,15
1734650161.694229,29
1734650161.796581,40
1734650161.899796,40
1734650162.001657,40
1734650162.103758,39
1734650162.207371,38
1734650162.309689,39
1734650162.412420,38
1734650162.514724,40
1734650162.617655,6
1734650162.720066,0
1734650162.825769,0
1734650162.927660,0
1734650163.030051,0
1734650163.131853,0
1734650163.234076,0
1734650163.335832,0
1734650163.438356,0
1734650163.541246,0
1734650163.643770,1
1734650163.750247,19
1734650163.852610,33
1734650163.954984,39
1734650164.057357,40
1734650164.159561,39
1734650164.261735,40
1734650164.366765,39
1734650164.469199,39
1734650164.571761,39
1734650164.676216,28
1734650164.779905,0
1734650164.881977,0
1734650164.984173,0
1734650165.085973,0
1734650165.187616,0
1734650165.289337,0
1734650165.390903,0
1734650165.492842,0
1734650165.594692,0
1734650165.696994,11
1734650165.799498,26
1734650165.901792,40
1734650166.004110,39
1734650166.109816,40
1734650166.212334,40
1734650166.319638,39
1734650166.425618,38
1734650166.529167,31
1734650166.631423,30
1734650166.737231,6
1734650166.841370,0
1734650166.943875,0
1734650167.048422,0
1734650167.151771,0
1734650167.254449,0
1734650167.357402,0
1734650167.461853,0
1734650167.569954,0
1734650167.672422,0
1734650167.775129,1
1734650167.877947,1
1734650167.980546,1
1734650168.083916,20
1734650168.186697,35
1734650168.289266,40
1734650168.391865,39
1734650168.498302,40
1734650168.600532,38
1734650168.703815,38
1734650168.806258,39
1734650168.908954,38
1734650169.011122,19
1734650169.113020,0
1734650169.217649,0
1734650169.320255,0
1734650169.422666,0
1734650169.525248,0
1734650169.627981,0
1734650169.730720,0
1734650169.833182,0
1734650169.935826,0
1734650170.038173,0
1734650170.140550,1
1734650170.243623,16
1734650170.347723,27
1734650170.449705,40
1734650170.551291,40
1734650170.653077,40
1734650170.756017,37
1734650170.858401,40
1734650170.962199,37
1734650171.064474,38
1734650171.166641,35
1734650171.269068,12
1734650171.373943,0
1734650171.478032,0
1734650171.580457,0
1734650171.682797,0
1734650171.785287,0
1734650171.887660,0
1734650171.989873,0
1734650172.092373,0
1734650172.198023,0
1734650172.300600,23
1734650172.405527,38
1734650172.508561,39
1734650172.611167,40
1734650172.715174,40
1734650172.817712,39
1734650172.920674,40
1734650173.023610,38
1734650173.126796,40
1734650173.231505,35
1734650173.334051,0
1734650173.436498,0
1734650173.539100,0
1734650173.641624,0
1734650173.744443,0
1734650173.847464,0
1734650173.952944,0
1734650174.055910,0
1734650174.158487,0
1734650174.261283,0
1734650174.365458,2
1734650174.468820,21
1734650174.571237,37
1734650174.674530,39
1734650174.777100,40
1734650174.879487,39
1734650174.983356,39
1734650175.085756,40
1734650175.189874,39
1734650175.291910,40
1734650175.395140,13
1734650175.502314,0
1734650175.605015,1
1734650175.708637,1
1734650175.811079,1
1734650175.916206,1
1734650176.024323,1
1734650176.126545,0
1734650176.228779,0
1734650176.331943,0
1734650176.435529,0
1734650176.537726,1
1734650176.642890,15
1734650176.746165,28
1734650176.850796,40
1734650176.952712,40
1734650177.057687,40
1734650177.159567,40
1734650177.261310,38
1734650177.363269,39
1734650177.465206,31
1734650177.567158,32
1734650177.668929,4
1734650177.771787,0
1734650177.877820,0
1734650177.980320,0
1734650178.085126,0
1734650178.186878,0
1734650178.289660,0
1734650178.391598,0
1734650178.493363,0
1734650178.595690,0
1734650178.705534,10
1734650178.808582,22
1734650178.910899,37
1734650179.013180,39
1734650179.117543,39
1734650179.221121,40
1734650179.323841,38
1734650179.426708,34
1734650179.528784,40
1734650179.631350,31
1734650179.736563,6
1734650179.839715,0
1734650179.944033,0
1734650180.046302,0
1734650180.148690,0
1734650180.252250,0
1734650180.354255,0
1734650180.456532,0
1734650180.558836,0
1734650180.661786,0
1734650180.769713,0
1734650180.872188,18
1734650180.974573,34
1734650181.076693,39
1734650181.181531,38
1734650181.283965,39
1734650181.389156,40
1734650181.492057,38
1734650181.600295,39
1734650181.702734,39
1734650181.807777,31
1734650181.910175,1
1734650182.012257,1
1734650182.114488,0
1734650182.218092,0
1734650182.320756,0
1734650182.422890,0
1734650182.528097,0
1734650182.631316,0
1734650182.733719,0
1734650182.836514,0
1734650182.938861,0
1734650183.041258,1
1734650183.145556,17
1734650183.248055,29
1734650183.350518,40
1734650183.452949,38
1734650183.557198,39
1734650183.661545,40
1734650183.764078,39
1734650183.867844,34
1734650183.970234,35
1734650184.072460,28
1734650184.179443,4
1734650184.284539,0
1734650184.386655,0
1734650184.494707,0
1734650184.597148,0
1734650184.705160,0
1734650184.807499,0
1734650184.909268,0
1734650185.011122,0
1734650185.112902,0
1734650185.214763,1
1734650185.317454,17
1734650185.419883,31
1734650185.528112,40
1734650185.630380,40
1734650185.733333,40
1734650185.835838,39
1734650185.937586,40
1734650186.039456,40
1734650186.140907,32
1734650186.243209,25
1734650186.345455,0
1734650186.447936,0
1734650186.551660,0
1734650186.654135,0
1734650186.757928,0
1734650186.860834,0
1734650186.963228,0
1734650187.065414,0
1734650187.167540,0
1734650187.269741,0
1734650187.372248,0
1734650187.474981,1
1734650187.577701,16
1734650187.680066,32
1734650187.782434,40
1734650187.885653,40
1734650187.988148,40
1734650188.090729,40
1734650188.192890,40
1734650188.299756,39
1734650188.402293,37
1734650188.504563,27
1734650188.606946,0
1734650188.709080,0
1734650188.811955,0
1734650188.914397,0
1734650189.022565,0
1734650189.124883,0
1734650189.228898,0
1734650189.330881,0
1734650189.432568,0
1734650189.537131,0
1734650189.639136,2
1734650189.742296,19
1734650189.845270,34
1734650189.947259,39
1734650190.049076,40
1734650190.151037,39
1734650190.253826,39
1734650190.356779,39
1734650190.458727,40
1734650190.560722,37
1734650190.662327,22
1734650190.764811,0
1734650190.867240,0
1734650190.969016,0
1734650191.070711,0
1734650191.172410,0
1734650191.278223,0
1734650191.381895,0
1734650191.484313,0
1734650191.586495,0
1734650191.689169,0
1734650191.792490,0
1734650191.894872,18
1734650191.997428,29
1734650192.100052,40
1734650192.202622,39
1734650192.305118,40
1734650192.407517,39
1734650192.510079,39
1734650192.612733,37
1734650192.715619,34
1734650192.818389,25
1734650192.921444,0
1734650193.024788,0
1734650193.126476,0
1734650193.228401,0
1734650193.333155,0
1734650193.434765,0
1734650193.536701,0
1734650193.638594,0
1734650193.740905,0
1734650193.843131,0
1734650193.945111,0
1734650194.047059,0
1734650194.148865,0
1734650194.250945,0
1734650194.353756,20
1734650194.455657,36
1734650194.557877,39
1734650194.659960,40
1734650194.762097,39
1734650194.863877,40
1734650194.965571,39
1734650195.067477,40
1734650195.169226,38
1734650195.271116,24
1734650195.372979,0
1734650195.476462,0
1734650195.578286,0
1734650195.680126,0
1734650195.782585,0
1734650195.886949,0
1734650195.990545,0
1734650196.092237,1
1734650196.197721,1
1734650196.300358,1
1734650196.402467,2
1734650196.504678,19
1734650196.606868,33
1734650196.709633,40
1734650196.812996,40
1734650196.916737,40
1734650197.019585,40
1734650197.122024,40
1734650197.226172,39
1734650197.328154,39
1734650197.430118,19
1734650197.535862,0
1734650197.637699,0
1734650197.739808,0
1734650197.841773,0
1734650197.943715,0
1734650198.045449,0
1734650198.147596,0
1734650198.253282,0
1734650198.355716,0
1734650198.458062,0
1734650198.560198,0
1734650198.662336,0
1734650198.764587,0
1734650198.866607,0
1734650198.968533,20
1734650199.071511,32
1734650199.175426,40
1734650199.280198,39
1734650199.382693,39
1734650199.485729,39
1734650199.587762,40
1734650199.689679,38
1734650199.792281,36
1734650199.894913,33
1734650199.997262,0
1734650200.099580,0
1734650200.207345,0
1734650200.311501,0
1734650200.416842,0
1734650200.520238,0
1734650200.622516,0
1734650200.725087,0
1734650200.831478,0
1734650200.933854,0
1734650201.036332,0
1734650201.141876,0
1734650201.245155,18
1734650201.347519,35
1734650201.449984,39
1734650201.552319,39
1734650201.654582,39
1734650201.757235,39
1734650201.860609,40
1734650201.963411,40
1734650202.066648,38
1734650202.168404,29
1734650202.270367,0
1734650202.371979,0
1734650202.473778,0
1734650202.575683,0
1734650202.677754,0
1734650202.780169,0
1734650202.883499,0
1734650202.985417,0
1734650203.087200,0
1734650203.189022,0
1734650203.290616,0
1734650203.392688,0
1734650203.494887,12
1734650203.597136,26
1734650203.700379,39
1734650203.803195,39
1734650203.907387,40
1734650204.009190,40
1734650204.111520,40
1734650204.215813,40
1734650204.318749,34
1734650204.420585,28
1734650204.522514,5
1734650204.624182,1
1734650204.726536,1
1734650204.829183,1
1734650204.931412,1
1734650205.033477,1
1734650205.135607,0
1734650205.240340,0
1734650205.342384,0
1734650205.444166,0
1734650205.550251,0
1734650205.651844,0
1734650205.753871,1
1734650205.855967,18
1734650205.958361,33
1734650206.059967,40
1734650206.163648,40
1734650206.265405,40
1734650206.368531,40
1734650206.470556,38
1734650206.572528,38
1734650206.675072,39
1734650206.778775,38
1734650206.881412,5
1734650206.984056,0
1734650207.091026,0
1734650207.193236,0
1734650207.297400,0
1734650207.399921,0
1734650207.505050,0
1734650207.607660,0
1734650207.710229,0
1734650207.812894,2
1734650207.915709,21
1734650208.018323,34
1734650208.120775,40
1734650208.223439,40
1734650208.326002,39
1734650208.429268,38
1734650208.531637,40
1734650208.634175,39
1734650208.736797,36
1734650208.841867,29
1734650208.948306,0
1734650209.051001,0
1734650209.153018,0
1734650209.255438,0
1734650209.357546,0
1734650209.460309,0
1734650209.562893,0
1734650209.665106,0
1734650209.767475,0
1734650209.869116,0
1734650209.971311,0
1734650210.074234,12
1734650210.177444,28
1734650210.280134,39
1734650210.387542,40
1734650210.489914,40
1734650210.592395,40
1734650210.694783,39
1734650210.797419,35
1734650210.901622,34
1734650211.004779,38
1734650211.106830,2
1734650211.208728,0
1734650211.310442,0
1734650211.412185,0
1734650211.514175,0
1734650211.616029,0
1734650211.718002,0
1734650211.824420,0
1734650211.926212,0
1734650212.027919,0
1734650212.129898,0
1734650212.231618,16
1734650212.333501,32
1734650212.435279,39
1734650212.537150,40
1734650212.638983,39
1734650212.741777,40
1734650212.844023,38
1734650212.946488,39
1734650213.048298,39
1734650213.150176,38
1734650213.256899,1
1734650213.359817,0
1734650213.461483,0
1734650213.563242,0
1734650213.665192,0
1734650213.767540,0
1734650213.869257,0
1734650213.971839,0
1734650214.074004,0
1734650214.175963,0
1734650214.278338,1
1734650214.381634,2
1734650214.483891,18
1734650214.586136,33
1734650214.688047,40
1734650214.790318,39
1734650214.892534,39
1734650214.996904,39
1734650215.100174,38
1734650215.201821,39
1734650215.306666,34
1734650215.408698,22
1734650215.510622,1
1734650215.612407,1
1734650215.714502,0
1734650215.817092,0
1734650215.919165,0
1734650216.021156,0
1734650216.122952,0
1734650216.224688,0
1734650216.326484,0
1734650216.429646,0
1734650216.531778,0
1734650216.633463,0
1734650216.735405,1
1734650216.837503,15
1734650216.940467,28
1734650217.042215,40
1734650217.144361,40
1734650217.246173,39
1734650217.350974,40
1734650217.453399,40
1734650217.555345,40
1734650217.658034,36
1734650217.761877,36
1734650217.863842,3
1734650217.965440,0
1734650218.067291,0
1734650218.170009,0
1734650218.273221,0
1734650218.377827,0
1734650218.479770,0
1734650218.581518,0
1734650218.683465,0
1734650218.790670,0
1734650218.892813,0
1734650218.994765,0
1734650219.096646,17
1734650219.198475,29
1734650219.300195,40
1734650219.404525,40
1734650219.507465,39
1734650219.609291,39
1734650219.711152,38
1734650219.813310,39
1734650219.915147,37
1734650220.016940,37
1734650220.118596,4
1734650220.220239,0
1734650220.321917,0
1734650220.423663,0
1734650220.528124,0
1734650220.629884,0
1734650220.732079,0
1734650220.834266,0
1734650220.936650,0
1734650221.041934,0
1734650221.143772,0
1734650221.245514,1
1734650221.347424,16
1734650221.449331,30
1734650221.552179,39
1734650221.653946,39
1734650221.756505,39
1734650221.860683,40
1734650221.962257,40
1734650222.065262,38
1734650222.167039,33
1734650222.268731,28
1734650222.372268,0
1734650222.473977,0
1734650222.580155,0
1734650222.684495,0
1734650222.787144,0
1734650222.889225,0
1734650222.991408,0
1734650223.093676,0
1734650223.195302,0
1734650223.296933,0
1734650223.401170,0
1734650223.503114,2
1734650223.605380,15
1734650223.707431,29
1734650223.810302,40
1734650223.912566,39
1734650224.014322,40
1734650224.116201,40
1734650224.220032,40
1734650224.321545,35
1734650224.423699,32
1734650224.525553,28
1734650224.629152,1
1734650224.731207,1
1734650224.833261,1
1734650224.935128,0
1734650225.037488,0
1734650225.140957,0
1734650225.242760,0
1734650225.344428,0
1734650225.446085,0
1734650225.547740,0
1734650225.649419,0
1734650225.751367,0
1734650225.853410,0
1734650225.956558,0
1734650226.058521,14
1734650226.160322,25
1734650226.262027,40
1734650226.363875,39
1734650226.466356,40
1734650226.568327,39
1734650226.670111,39
1734650226.772511,39
1734650226.879034,39
1734650226.981011,35
1734650227.082865,17
1734650227.188153,0
1734650227.289904,0
1734650227.391586,0
1734650227.494137,0
1734650227.595956,0
1734650227.697587,0
1734650227.800010,0
1734650227.901857,0
1734650228.003581,0
1734650228.105475,0
1734650228.207190,24
1734650228.308748,37
1734650228.410525,39
1734650228.513009,40
1734650228.615076,40
1734650228.717130,40
1734650228.822657,37
1734650228.924737,39
1734650229.026897,36
1734650229.129127,28
1734650229.231044,0
1734650229.332789,0
1734650229.434409,0
1734650229.536491,0
1734650229.638147,0
1734650229.739976,0
1734650229.845091,0
1734650229.946904,0
1734650230.048581,0
1734650230.151732,0
1734650230.253438,0
1734650230.355393,2
1734650230.460025,20
1734650230.561814,33
1734650230.663754,40
1734650230.768167,40
1734650230.869994,40
1734650230.972365,39
1734650231.074449,39
1734650231.176287,40
1734650231.279042,36
1734650231.381145,22
1734650231.483144,0
1734650231.585033,0
1734650231.686738,0
1734650231.789063,0
1734650231.891053,0
1734650231.992839,0
1734650232.094471,0
1734650232.196165,0
1734650232.300412,0
1734650232.403416,0
1734650232.505042,0
1734650232.606755,0
1734650232.708809,0
1734650232.811833,18
1734650232.917264,33
1734650233.018981,40
1734650233.125621,40
1734650233.227913,40
1734650233.329791,40
1734650233.433677,39
1734650233.536071,40
1734650233.639070,30
1734650233.742266,18
1734650233.844282,0
1734650233.946289,0
1734650234.049125,0
1734650234.150904,0
1734650234.252580,0
1734650234.354148,0
1734650234.456134,0
1734650234.557720,0
1734650234.665085,0
1734650234.767411,0
1734650234.869857,0
1734650234.973403,14
1734650235.075370,26
1734650235.177494,39
1734650235.279266,40
1734650235.380807,40
1734650235.482607,39
1734650235.584316,39
1734650235.686190,38
1734650235.792255,38
1734650235.894165,39
1734650235.995948,5
1734650236.097670,0
1734650236.199320,1
1734650236.301093,1
1734650236.405164,1
1734650236.508770,1
1734650236.610588,1
1734650236.717347,1
1734650236.823119,0
1734650236.924969,0
1734650237.026959,2
1734650237.128998,21
1734650237.230869,33
1734650237.332631,40
1734650237.438267,39
1734650237.541180,39
1734650237.644609,39
1734650237.746569,36
1734650237.848862,30
1734650237.956772,24
1734650238.058454,18
1734650238.161333,0
1734650238.264784,0
1734650238.366429,0
1734650238.467901,0
1734650238.569590,0
1734650238.671410,0
1734650238.773813,0
1734650238.875571,0
1734650238.977330,0
1734650239.080494,0
1734650239.182522,0
1734650239.284418,11
1734650239.386158,25
1734650239.487850,39
1734650239.589560,40
1734650239.691175,39
1734650239.793645,40
1734650239.898065,40
1734650240.000763,38
1734650240.102414,39
1734650240.204137,40
1734650240.305722,25
1734650240.407655,0
1734650240.509321,0
1734650240.614707,0
1734650240.716600,0
1734650240.818509,0
1734650240.920414,0
1734650241.022115,0
1734650241.123847,0
1734650241.225822,0
1734650241.327504,0
1734650241.431791,0
1734650241.533710,0
1734650241.635727,2
1734650241.737914,20
1734650241.839846,34
1734650241.942370,38
1734650242.044159,40
1734650242.146013,40
1734650242.247779,39
1734650242.349734,38
1734650242.451413,40
1734650242.553426,34
1734650242.655849,21
1734650242.758792,0
1734650242.860858,0
1734650242.962628,0
1734650243.068249,0
1734650243.170038,0
1734650243.271996,0
1734650243.373821,0
1734650243.475520,0
1734650243.581298,0
1734650243.683212,0
1734650243.785568,0
1734650243.888108,1
1734650243.990135,19
1734650244.091990,32
1734650244.193666,40
1734650244.295315,40
1734650244.397085,40
1734650244.498932,39
1734650244.600609,36
1734650244.702843,36
1734650244.805453,26
1734650244.907201,23
1734650245.008865,1
1734650245.110561,0
1734650245.212244,0
1734650245.314288,0
1734650245.416203,0
1734650245.517776,0
1734650245.619449,0
1734650245.721226,0
1734650245.823439,0
1734650245.929923,1
1734650246.032702,1
1734650246.134714,10
1734650246.236384,27
1734650246.337916,39
1734650246.440531,40
1734650246.542455,40
1734650246.644240,40
1734650246.748369,38
1734650246.850374,40
1734650246.952043,39
1734650247.056958,38
1734650247.160143,12
1734650247.262367,0
1734650247.365087,0
1734650247.467748,0
1734650247.570085,0
1734650247.671772,0
1734650247.774086,0
1734650247.875805,0
1734650247.977499,0
1734650248.082626,0
1734650248.184283,0
1734650248.286029,0
