1734648932.312919,0
1734648932.415467,12
1734648932.519817,16
1734648932.629135,26
1734648932.733461,32
1734648932.835443,40
1734648932.937827,45
1734648933.040243,51
1734648933.145798,61
1734648933.249552,66
1734648933.352492,76
1734648933.459337,83
1734648933.561035,89
1734648933.663747,90
1734648933.767790,89
1734648933.872620,90
1734648933.974446,89
1734648934.079934,90
1734648934.182657,90
1734648934.284767,89
1734648934.386599,90
1734648934.491341,90
1734648934.593122,89
1734648934.696303,89
1734648934.798715,90
1734648934.900728,88
1734648935.002475,88
1734648935.105680,89
1734648935.214762,88
1734648935.317703,90
1734648935.419987,89
1734648935.521815,89
1734648935.625065,89
1734648935.727434,88
1734648935.829669,89
1734648935.931475,90
1734648936.033292,89
1734648936.139097,90
1734648936.243679,89
1734648936.345631,87
1734648936.447682,87
1734648936.552424,87
1734648936.654717,89
1734648936.757189,87
1734648936.859238,87
1734648936.960994,89
1734648937.063141,90
1734648937.168016,89
1734648937.275134,88
1734648937.377080,90
1734648937.479006,89
1734648937.580687,89
1734648937.683514,88
1734648937.785966,88
1734648937.888073,90
1734648937.991171,89
1734648938.097782,89
1734648938.201882,89
1734648938.308233,85
1734648938.410463,84
1734648938.513006,83
1734648938.618312,84
1734648938.723737,83
1734648938.825879,83
1734648938.927518,82
1734648939.029624,81
1734648939.132783,82
1734648939.234982,84
1734648939.336727,83
1734648939.438484,84
1734648939.541509,84
1734648939.645369,82
1734648939.747401,81
1734648939.851399,79
1734648939.953166,80
1734648940.054754,79
1734648940.157587,78
1734648940.259467,79
1734648940.361338,78
1734648940.464550,79
1734648940.566525,80
1734648940.672279,79
1734648940.774608,79
1734648940.876378,78
1734648940.979602,77
1734648941.081438,78
1734648941.183539,79
1734648941.285117,79
1734648941.386847,78
1734648941.489857,76
1734648941.591632,77
1734648941.696488,76
1734648941.803418,77
1734648941.905136,76
1734648942.007331,77
1734648942.109879,76
1734648942.212391,76
1734648942.313956,78
1734648942.415774,76
1734648942.517569,79
1734648942.619959,79
1734648942.722104,79
1734648942.825109,79
1734648942.930873,79
1734648943.084888,77
1734648943.187114,77
1734648943.299301,79
1734648943.401201,78
1734648943.502882,78
1734648943.605746,77
1734648943.709786,77
1734648943.812038,77
1734648943.913955,77
1734648944.015704,78
1734648944.118994,77
1734648944.224207,77
1734648944.325970,76
1734648944.427771,77
1734648944.532469,76
1734648944.644203,76
1734648944.746207,77
1734648944.848365,76
1734648944.950322,77
1734648945.054529,77
1734648945.158929,76
1734648945.261866,77
1734648945.364765,78
1734648945.470400,78
1734648945.573707,77
1734648945.675898,76
1734648945.779851,76
1734648945.882568,76
1734648945.986620,77
1734648946.088531,77
1734648946.192622,78
1734648946.294729,78
1734648946.396620,77
1734648946.498963,79
1734648946.600659,78
1734648946.702940,80
1734648946.805650,80
1734648946.907799,80
1734648947.009652,77
1734648947.112323,76
1734648947.214776,76
1734648947.316475,75
1734648947.419304,77
1734648947.521174,76
1734648947.623573,76
1734648947.725994,76
1734648947.828460,75
1734648947.930983,76
1734648948.035805,76
1734648948.138355,77
1734648948.240160,76
1734648948.343251,77
1734648948.445629,75
1734648948.547596,76
1734648948.650148,76
1734648948.752410,75
1734648948.854619,77
1734648948.958894,77
1734648949.060874,77
1734648949.163095,77
1734648949.265051,76
1734648949.368706,76
1734648949.470316,77
1734648949.572248,77
1734648949.674356,77
1734648949.776657,77
1734648949.880552,77
1734648950.120024,75
1734648950.225434,74
1734648950.327148,73
1734648950.435648,73
1734648950.540398,74
1734648950.643906,75
1734648950.746898,75
1734648950.848890,74
1734648950.951797,75
1734648951.060578,74
1734648951.164994,74
1734648951.269373,76
1734648951.371183,76
1734648951.473213,76
1734648951.575039,76
1734648951.677963,76
1734648951.780380,75
1734648951.882139,75
1734648951.987925,77
1734648952.090309,76
1734648952.195082,76
1734648952.297010,76
1734648952.398632,75
1734648952.500220,75
1734648952.604607,76
1734648952.706973,75
1734648952.810464,76
1734648952.912917,76
1734648953.015493,76
1734648953.117713,76
1734648953.221261,76
1734648953.323230,75
1734648953.425148,76
1734648953.526946,74
1734648953.629805,76
1734648953.732679,76
1734648953.836503,76
1734648953.944096,76
1734648954.045736,75
1734648954.149068,76
1734648954.251879,75
1734648954.355237,77
1734648954.456915,77
1734648954.558602,76
1734648954.660906,76
1734648954.764749,75
1734648954.866521,75
1734648954.969088,76
1734648955.071693,76
1734648955.173925,77
1734648955.275879,77
1734648955.378058,77
1734648955.479597,77
1734648955.583913,77
1734648955.689344,76
1734648955.793048,77
1734648955.894909,78
1734648955.997272,77
1734648956.098896,78
1734648956.207070,77
1734648956.311566,76
1734648956.413329,78
1734648956.516201,76
1734648956.618542,78
1734648956.720407,78
1734648956.822472,78
1734648956.932000,77
1734648957.033786,78
1734648957.136039,78
1734648957.237814,78
1734648957.339762,78
1734648957.441704,78
1734648957.543784,79
1734648957.645969,78
1734648957.749570,79
1734648957.858307,79
1734648957.960323,78
1734648958.061882,80
1734648958.165364,78
1734648958.267262,80
1734648958.376349,79
1734648958.479528,79
1734648958.584486,80
1734648958.686717,81
1734648958.791932,81
1734648958.893821,79
1734648958.995742,80
1734648959.098178,80
1734648959.201038,79
1734648959.304859,79
1734648959.407223,79
1734648959.508970,79
1734648959.611141,80
1734648959.718153,81
1734648959.822474,80
1734648959.924420,80
1734648960.027472,80
1734648960.137145,81
1734648960.241063,80
1734648960.342706,80
1734648960.444435,79
1734648960.547936,79
1734648960.650257,78
1734648960.752082,78
1734648960.854733,79
1734648960.958184,79
1734648961.059931,79
1734648961.165067,80
1734648961.266982,79
1734648961.369077,79
1734648961.471956,79
1734648961.580068,78
1734648961.683016,78
1734648961.785739,79
1734648961.887605,80
1734648961.989269,80
1734648962.090955,81
1734648962.193998,80
1734648962.296277,80
1734648962.398284,80
1734648962.500373,79
1734648962.605145,79
1734648962.707512,81
1734648962.813761,81
1734648962.915457,81
1734648963.019745,80
1734648963.122212,81
1734648963.225386,81
1734648963.327585,80
1734648963.429601,80
1734648963.532988,80
1734648963.638299,80
1734648963.740539,80
1734648963.842535,81
1734648963.945270,81
1734648964.047235,81
1734648964.150630,81
1734648964.255062,80
1734648964.357112,81
1734648964.467656,81
1734648964.572513,81
1734648964.674626,84
1734648964.776787,83
1734648964.881112,83
1734648964.984191,83
1734648965.086525,83
1734648965.191101,82
1734648965.293646,83
1734648965.395573,83
1734648965.497608,82
1734648965.599341,81
1734648965.701346,82
1734648965.808230,81
1734648965.912941,81
1734648966.016396,81
1734648966.118539,80
1734648966.224189,81
1734648966.325982,80
1734648966.427691,81
1734648966.529386,81
1734648966.633114,82
1734648966.735136,83
1734648966.838673,81
1734648966.940364,82
1734648967.044744,82
1734648967.147877,81
1734648967.249644,83
1734648967.351461,82
1734648967.453506,82
1734648967.555574,83
1734648967.657851,82
1734648967.762632,81
1734648967.864355,82
1734648967.966034,81
1734648968.069638,82
1734648968.172174,82
1734648968.274813,82
1734648968.377063,83
1734648968.481451,82
1734648968.585071,82
1734648968.688742,81
1734648968.795345,82
1734648968.897064,82
1734648968.999138,81
1734648969.100908,82
1734648969.203066,83
1734648969.308370,83
1734648969.412893,84
1734648969.514827,83
1734648969.620283,83
1734648969.722603,84
1734648969.827015,83
1734648969.928864,83
1734648970.031172,83
1734648970.134342,83
1734648970.239137,83
1734648970.341231,84
1734648970.442902,83
1734648970.544932,83
1734648970.647242,82
1734648970.752195,82
1734648970.857636,83
1734648970.960469,83
1734648971.066188,83
1734648971.168593,85
1734648971.273861,84
1734648971.376900,84
1734648971.478854,84
1734648971.581950,83
1734648971.684877,83
1734648971.787263,84
1734648971.889111,85
1734648971.990745,84
1734648972.093420,85
1734648972.195945,85
1734648972.302822,85
1734648972.404479,86
1734648972.506144,85
1734648972.608286,86
1734648972.710524,86
1734648972.816570,85
1734648972.919136,84
1734648973.022749,86
1734648973.124991,86
1734648973.226987,85
1734648973.329085,86
1734648973.431015,84
1734648973.533095,85
1734648973.635435,86
1734648973.738005,85
1734648973.841477,87
1734648973.945682,86
1734648974.047400,87
1734648974.149688,87
1734648974.251797,88
1734648974.353230,88
1734648974.454734,86
1734648974.556443,87
1734648974.658487,87
1734648974.763791,87
1734648974.866296,87
1734648974.970107,87
1734648975.071800,89
1734648975.174385,88
1734648975.278471,89
1734648975.380250,88
1734648975.483578,87
1734648975.585405,88
1734648975.687664,86
1734648975.790221,89
1734648975.891959,88
1734648975.993511,88
1734648976.095054,89
1734648976.197304,88
1734648976.299225,89
1734648976.400964,87
1734648976.504605,88
1734648976.607060,88
1734648976.711567,88
1734648976.815905,88
1734648976.917990,88
1734648977.019768,89
1734648977.122108,88
1734648977.223955,88
1734648977.325537,89
1734648977.427833,88
1734648977.529554,84
1734648977.631881,81
1734648977.737823,81
1734648977.841298,81
1734648977.943555,78
1734648978.046064,78
1734648978.148264,77
1734648978.251380,77
1734648978.354753,77
1734648978.457784,74
1734648978.559476,74
1734648978.665668,73
1734648978.768055,74
1734648978.871962,73
1734648978.973883,73
1734648979.075743,75
1734648979.179365,75
1734648979.286109,75
1734648979.387790,75
1734648979.489446,75
1734648979.591355,75
1734648979.693445,76
1734648979.795778,74
1734648979.899190,74
1734648980.001141,75
1734648980.103028,74
1734648980.205217,74
1734648980.306953,74
1734648980.408819,75
1734648980.511106,74
1734648980.613204,74
1734648980.715703,75
1734648980.817766,75
1734648980.919789,75
1734648981.021762,76
1734648981.123955,78
1734648981.226367,76
1734648981.328132,75
1734648981.430876,75
1734648981.536474,75
1734648981.638244,75
1734648981.740715,75
1734648981.842881,75
1734648981.945134,75
1734648982.047577,75
1734648982.151253,77
1734648982.254282,75
1734648982.355922,75
1734648982.458575,76
1734648982.560550,75
1734648982.662586,75
1734648982.767067,75
1734648982.871589,74
1734648982.978132,75
1734648983.081026,75
1734648983.184390,76
1734648983.286196,77
1734648983.388131,76
1734648983.493991,76
1734648983.595782,77
1734648983.697812,76
1734648983.803006,76
1734648983.907386,76
1734648984.011210,76
1734648984.113677,77
1734648984.215546,77
1734648984.317365,76
1734648984.419021,76
1734648984.520791,77
1734648984.623281,76
1734648984.733431,77
1734648984.835607,76
1734648984.937546,76
1734648985.039530,76
1734648985.141827,77
1734648985.244962,76
1734648985.346785,78
1734648985.450328,77
1734648985.554271,77
1734648985.656660,78
1734648985.759472,77
1734648985.862435,78
1734648985.964253,79
1734648986.066476,80
1734648986.168669,78
1734648986.273177,79
1734648986.374830,79
1734648986.477300,78
1734648986.581874,79
1734648986.684612,79
1734648986.787946,78
1734648986.893075,78
1734648986.994778,78
1734648987.096597,78
1734648987.198777,77
1734648987.300635,79
1734648987.404461,78
1734648987.506088,79
1734648987.608152,80
1734648987.710352,79
1734648987.812759,79
1734648987.914562,80
1734648988.037959,79
1734648988.139962,80
1734648988.241997,80
1734648988.344205,80
1734648988.445898,81
1734648988.548407,80
1734648988.650581,80
1734648988.752800,80
1734648988.855047,81
1734648988.956960,80
1734648989.058604,80
1734648989.160892,81
1734648989.262653,81
1734648989.364325,80
1734648989.466364,80
1734648989.568094,81
1734648989.670204,81
1734648989.772357,81
1734648989.874117,82
1734648989.975753,82
1734648990.077549,81
1734648990.179676,81
1734648990.281403,81
1734648990.383061,81
1734648990.484682,80
1734648990.586605,80
1734648990.688879,81
1734648990.792703,80
1734648990.897671,80
1734648991.004076,80
1734648991.105973,80
1734648991.208069,81
1734648991.309854,80
1734648991.411488,80
1734648991.513312,79
1734648991.615588,81
1734648991.717602,80
1734648991.819666,80
1734648991.921507,82
1734648992.023080,82
1734648992.125218,81
1734648992.227049,81
1734648992.328781,82
1734648992.430555,81
1734648992.532486,81
1734648992.635182,80
1734648992.737180,82
1734648992.840250,81
1734648992.950098,80
1734648993.052281,81
1734648993.154885,81
1734648993.256691,82
1734648993.358675,81
1734648993.460453,81
1734648993.562091,82
1734648993.664984,81
1734648993.767189,81
1734648993.871589,82
1734648993.973366,81
1734648994.074996,81
1734648994.177303,82
1734648994.281342,83
1734648994.383030,82
1734648994.484711,82
1734648994.586375,83
1734648994.688674,82
1734648994.791050,82
1734648994.892914,82
1734648994.997712,82
1734648995.099662,82
1734648995.204072,83
1734648995.307247,82
1734648995.413045,82
1734648995.514676,83
1734648995.617151,82
1734648995.723105,82
1734648995.825047,83
1734648995.926998,82
1734648996.031410,83
1734648996.137434,82
1734648996.244444,82
1734648996.347761,82
1734648996.450343,83
1734648996.552284,84
1734648996.655148,84
1734648996.759372,83
1734648996.861166,84
1734648996.963667,83
1734648997.069069,83
1734648997.172017,84
1734648997.274029,83
1734648997.375954,83
1734648997.478924,84
1734648997.581125,84
1734648997.685867,84
1734648997.788208,85
1734648997.890260,84
1734648997.992055,84
1734648998.093801,85
1734648998.196226,84
1734648998.302254,84
1734648998.404144,85
1734648998.509581,84
1734648998.613465,83
1734648998.717296,85
1734648998.819385,85
1734648998.921119,85
1734648999.022855,86
1734648999.124977,85
1734648999.226623,85
1734648999.332968,86
1734648999.437240,85
1734648999.540258,87
1734648999.642449,86
1734648999.744590,86
1734648999.847611,87
1734648999.952176,86
1734649000.058080,86
1734649000.161502,87
1734649000.263439,86
1734649000.365205,86
1734649000.468248,87
1734649000.574031,86
1734649000.676210,86
1734649000.778601,86
1734649000.880982,85
1734649000.983215,85
1734649001.089133,86
1734649001.191408,86
1734649001.293154,87
1734649001.394842,87
1734649001.496822,85
1734649001.598575,86
1734649001.705690,87
1734649001.807917,85
1734649001.913363,86
1734649002.015367,87
1734649002.117511,85
1734649002.219249,85
1734649002.323570,87
1734649002.425191,85
1734649002.526794,86
1734649002.631846,87
1734649002.733797,85
1734649002.835920,85
1734649002.937579,86
1734649003.039208,86
1734649003.141521,85
1734649003.243634,84
1734649003.346778,86
1734649003.448622,86
1734649003.550189,86
1734649003.654772,86
1734649003.758379,87
1734649003.861963,86
1734649003.963893,86
1734649004.065594,87
1734649004.167939,86
1734649004.271400,86
1734649004.373131,87
1734649004.475080,86
1734649004.576759,86
1734649004.678884,86
1734649004.786460,86
1734649004.888167,86
1734649004.992316,87
1734649005.094127,86
1734649005.198912,87
1734649005.302564,87
1734649005.404308,86
1734649005.506021,86
1734649005.608160,87
1734649005.710492,86
1734649005.814257,86
1734649005.920854,89
1734649006.023000,88
1734649006.125859,89
1734649006.227836,89
1734649006.329567,87
1734649006.431107,88
1734649006.538170,88
1734649006.641865,88
1734649006.743842,89
1734649006.846246,88
1734649006.949385,88
1734649007.054792,88
1734649007.157796,88
1734649007.259588,88
1734649007.361260,89
1734649007.464410,88
1734649007.569147,88
1734649007.674088,88
1734649007.776560,88
1734649007.879083,88
1734649007.981584,89
1734649008.084118,88
1734649008.192891,89
1734649008.294831,89
1734649008.400423,89
1734649008.502132,90
1734649008.604667,89
1734649008.710021,89
1734649008.811952,89
1734649008.913822,89
1734649009.017979,90
1734649009.120317,89
1734649009.222296,88
1734649009.326018,89
1734649009.430583,88
1734649009.532260,88
1734649009.636752,88
1734649009.738577,88
1734649009.842075,88
1734649009.944222,89
1734649010.122117,88
1734649010.224070,89
1734649010.325792,88
1734649010.432292,89
1734649010.533978,88
1734649010.636266,88
1734649010.740213,90
1734649010.842213,90
1734649010.943938,89
1734649011.050391,89
1734649011.154928,89
1734649011.256556,89
1734649011.358194,89
1734649011.459840,88
1734649011.561404,88
1734649011.667610,87
1734649011.769934,88
1734649011.873416,88
1734649011.978476,89
1734649012.080582,89
1734649012.189452,88
1734649012.294089,88
1734649012.399140,89
1734649012.502074,88
1734649012.607085,88
1734649012.710512,88
1734649012.813451,87
1734649012.916369,85
1734649013.018137,82
1734649013.120443,76
1734649013.227843,68
1734649013.329837,60
1734649013.433579,54
1734649013.535724,50
1734649013.637874,44
1734649013.740265,45
1734649013.842490,45
1734649013.945586,46
1734649014.047221,45
1734649014.153623,45
1734649014.255440,46
1734649014.357950,45
1734649014.459783,45
1734649014.564520,46
1734649014.666906,45
1734649014.769468,46
1734649014.871324,47
1734649014.973237,46
1734649015.076020,46
1734649015.178423,47
1734649015.280926,47
1734649015.387511,46
1734649015.489089,47
1734649015.591699,45
1734649015.695322,46
1734649015.797693,47
1734649015.899861,46
1734649016.001534,46
1734649016.104471,48
1734649016.206864,47
1734649016.311292,48
1734649016.413242,48
1734649016.514963,48
1734649016.617239,48
1734649016.719297,48
1734649016.821507,49
1734649016.923236,49
1734649017.025234,49
1734649017.127455,50
1734649017.229144,50
1734649017.330869,49
1734649017.432556,50
1734649017.534216,51
1734649017.636350,49
1734649017.738231,49
1734649017.840378,49
1734649017.942082,50
1734649018.043732,49
1734649018.145703,49
1734649018.248016,50
1734649018.350237,49
1734649018.452117,49
1734649018.553793,49
1734649018.655961,50
1734649018.760130,49
1734649018.862139,50
1734649018.963855,51
1734649019.066123,50
1734649019.169069,50
1734649019.270952,51
1734649019.372640,51
1734649019.474435,50
1734649019.576179,50
1734649019.679379,51
1734649019.782564,50
1734649019.885172,50
1734649019.987721,51
1734649020.090372,50
1734649020.192383,51
1734649020.301269,51
1734649020.403218,51
1734649020.505408,52
1734649020.608428,51
1734649020.715741,51
1734649020.819354,51
1734649020.923468,51
1734649021.025101,52
1734649021.127338,51
1734649021.229460,51
1734649021.331163,51
1734649021.432856,52
1734649021.534539,51
1734649021.637010,52
1734649021.739213,52
1734649021.841714,53
1734649021.943440,52
1734649022.045119,52
1734649022.148335,53
1734649022.252364,51
1734649022.354125,51
1734649022.457230,54
1734649022.558917,52
1734649022.661072,51
1734649022.785794,53
1734649022.887994,54
1734649022.991659,53
1734649023.093466,53
1734649023.195803,55
1734649023.299205,54
1734649023.403106,54
1734649023.505915,55
1734649023.608074,54
1734649023.710228,54
1734649023.812283,55
1734649023.914634,54
1734649024.017892,54
1734649024.120032,56
1734649024.222051,54
1734649024.326679,55
1734649024.428322,56
1734649024.530061,55
1734649024.635420,55
1734649024.737397,57
1734649024.839749,56
1734649024.941605,56
